# d_z
1.428843794437966996e-01
1.252088924758613386e-01
1.114172896721331990e-01
1.003585450368586485e-01
9.129471675111669460e-02
8.373123410477160966e-02
7.732435027719893050e-02
7.182778587277337257e-02
6.706049996998854346e-02
6.288644592257480737e-02
5.920141940223215549e-02
5.592426168460303687e-02
5.299082531714329608e-02
5.034974068624496063e-02
4.795938620843422096e-02
4.578568141281309789e-02
4.380045347046580134e-02
4.198021052718611118e-02
4.030520853172681051e-02
3.875873255823680807e-02
3.732653745518713095e-02
3.599640799628806009e-02
3.475780978012860817e-02
3.360160976879338762e-02
3.251985077769912330e-02
3.150556818927201241e-02
3.055263984350130996e-02
2.965566241833829039e-02
2.880984894131859500e-02
2.801094334860333365e-02
2.725514887273155704e-02
2.653906771662098429e-02
2.585964999186431829e-02
2.521415030008256411e-02
2.460009066744794567e-02
2.401522875585305333e-02
2.345753050147375562e-02
2.292514648554645415e-02
2.241639144813291698e-02
2.192972647010832041e-02
2.146374342655813991e-02
2.101715138080855610e-02
2.058876464224156447e-02
2.017749225528054149e-02
1.978232872337051806e-02
1.940234580191858849e-02
1.903668521918921996e-02
1.868455220438559536e-02
1.834520972237931730e-02
1.801797332606177096e-02
1.770220654552796119e-02
1.739731675796474253e-02
1.710275147578708965e-02
1.681799500556333676e-02
1.654256543522528849e-02
1.627601191253765303e-02
1.601791218249805707e-02
1.576787035537561416e-02
1.552551488057496432e-02
1.529049670451690726e-02
1.506248759332869634e-02
1.484117860339418879e-02
1.462627868477758483e-02
1.441751340424555355e-02
1.421462377610693134e-02
1.401736519039713247e-02
1.382550642908083119e-02
1.363882876195423449e-02
1.345712511481442220e-02
1.328019930303819124e-02
1.310786532537827967e-02
1.293994671196438580e-02
1.277627592080250209e-02
1.261669378054533670e-02
1.246104897418142017e-02
1.230919756047424950e-02
1.216100252997013437e-02
1.201633339269626670e-02
1.187506579494107019e-02
1.173708116275145631e-02
1.160226636999886832e-02
1.147051342906118925e-02
1.134171920234297755e-02
1.121578513301441440e-02
1.109261699349160281e-02
1.097212465030924719e-02
1.085422184415273279e-02
1.073882598392143263e-02
1.062585795379005979e-02
1.051524193232089739e-02
1.040690522275784617e-02
1.030077809370401679e-02
1.019679362944923666e-02
1.009488758927232395e-02
9.994998275096561580e-03
9.897066406925360965e-03
9.801035005529821001e-03
9.706849281900249704e-03
9.614456533011043679e-03
9.523806043482213601e-03
9.434848992752070673e-03
9.347538367404017653e-03
9.261828878316656979e-03
9.177676882330468300e-03
9.095040308146354335e-03
9.013878586111922359e-03
8.934152582016690811e-03
8.855824534041279936e-03
8.778857993080861621e-03
8.703217766234585401e-03
8.628869863149743469e-03
8.555781445092799573e-03
8.483920776586918733e-03
8.413257179466390040e-03
8.343760989208210549e-03
8.275403513410174369e-03
8.208156992293429155e-03
8.141994561115256310e-03
8.076890214385158695e-03
8.012818771784077296e-03
7.949755845692997591e-03
7.887677810242885862e-03
7.826561771803484946e-03
7.766385540833540928e-03
7.707127605019708193e-03
7.648767103635856733e-03
7.591283803058570916e-03
7.534658073378451386e-03
7.478870866050476435e-03
7.423903692529894467e-03
7.369738603843376153e-03
7.316358171047977234e-03
7.263745466533233323e-03
7.211884046124228571e-03
7.160757931945915637e-03
7.110351596011164899e-03
7.060649944497144996e-03
7.011638302676536337e-03
6.963302400472075847e-03
6.915628358604446538e-03
6.868602675305352998e-03
6.822212213569040298e-03
6.776444188916935438e-03
6.731286157651530239e-03
6.686726005576794710e-03
6.642751937163657999e-03
6.599352465140224250e-03
6.556516400487352562e-03
6.514232842821420302e-03
6.472491171146779396e-03
6.431281034961507277e-03
6.390592345700787068e-03
6.350415268503050402e-03
6.310740214284765726e-03
6.271557832110465254e-03
6.232859001845277719e-03
6.194634827077783075e-03
6.156876628301726113e-03
6.119575936345547466e-03
6.082724486039333203e-03
6.046314210109204890e-03
6.010337233289699335e-03
5.974785866645085375e-03
5.939652602091047284e-03
5.904930107108512238e-03
5.870611219641816425e-03
5.836688943173754841e-03
5.803156441954272944e-03
5.770007036449635585e-03
5.737234198880529143e-03
5.704831548929300937e-03
5.672792849607252025e-03
5.641112003252394223e-03
5.609783047660583943e-03
5.578800152344841681e-03
5.548157614917959175e-03
5.517849857593674912e-03
5.487871423801897290e-03
5.458216974913661194e-03
5.428881287071720546e-03
5.399859248122769635e-03
5.371145854647562702e-03
5.342736209085277577e-03
5.314625516948654795e-03
5.286809084126603206e-03
5.259282314271057635e-03
5.232040706265070167e-03
5.205079851769146143e-03
5.178395432843098736e-03
5.151983219640656961e-03
5.125839068174254526e-03
5.099958918147563976e-03
5.074338790853337965e-03
5.048974787134297322e-03
5.023863085404886228e-03
4.998999939731746910e-03
4.974381677970931073e-03
4.950004699959868748e-03
4.925865475762251401e-03
4.901960543964013935e-03
4.878286510018685178e-03
4.854840044640477102e-03
4.831617882243467374e-03
4.808616819425384249e-03
4.785833713494475929e-03
4.763265481038078328e-03
4.740909096531472668e-03
4.718761590985763067e-03
4.696820050633445341e-03
4.675081615650507338e-03
4.653543478913831771e-03
4.632202884792799985e-03
4.611057127973989048e-03
4.590103552317914386e-03
4.569339549746807491e-03
4.548762559162434702e-03
4.528370065393040253e-03
4.508159598168467314e-03
4.488128731122626065e-03
4.468275080822421523e-03
4.448596305822345720e-03
4.429090105743939756e-03
4.409754220379378913e-03
4.390586428818419283e-03
4.371584548598033727e-03
4.352746434874018092e-03
4.334069979613931929e-03
4.315553110810733603e-03
4.297193791716471395e-03
4.278990020095465099e-03
4.260939827496385696e-03
4.243041278542680587e-03
4.225292470240810117e-03
4.207691531305774064e-03
4.190236621503412931e-03
4.172925931009039899e-03
4.155757679781874395e-03
4.138730116954868719e-03
4.121841520239488861e-03
4.105090195344969842e-03
4.088474475411718601e-03
4.071992720458389101e-03
4.055643316842300929e-03
4.039424676732781584e-03
4.023335237597117607e-03
4.007373461698728566e-03
3.991537835607244719e-03
3.975826869720141404e-03
3.960239097795656069e-03
3.944773076496620179e-03
3.929427384944944937e-03
3.914200624286484978e-03
3.899091417265956525e-03
3.884098407811670175e-03
3.869220260629809872e-03
3.854455660808009127e-03
3.839803313427949099e-03
3.825261943186775149e-03
3.810830294027082055e-03
3.796507128775231978e-03
3.782291228787815207e-03
3.768181393606010419e-03
3.754176440617655337e-03
3.740275204726832212e-03
3.726476538030759969e-03
3.712779309503815191e-03
3.699182404688494165e-03
3.685684725393143391e-03
3.672285189396280302e-03
3.658982730157344168e-03
3.645776296533708057e-03
3.632664852503798315e-03
3.619647376896168497e-03
3.606722863124368558e-03
3.593890318927494849e-03
3.581148766116231796e-03
3.568497240324301593e-03
3.555934790765144949e-03
3.543460479993737477e-03
3.531073383673387356e-03
3.518772590347426198e-03
3.506557201215635723e-03
3.494426329915329560e-03
3.482379102306952696e-03
3.470414656264112288e-03
3.458532141467912310e-03
3.446730719205497086e-03
3.435009562171725990e-03
3.423367854276626945e-03
3.411804790459679534e-03
3.400319576498456783e-03
3.388911428829065667e-03
3.377579574367947212e-03
3.366323250337236676e-03
3.355141704093611826e-03
3.344034192960532170e-03
3.332999984063805821e-03
3.322038354170397684e-03
3.311148589530407433e-03
3.300329985722153057e-03
3.289581847500269371e-03
3.278903488646772897e-03
3.268294231825018530e-03
3.257753408436478600e-03
3.247280358480283177e-03
3.236874430415470887e-03
3.226534981025865230e-03
3.216261375287546471e-03
3.206052986238835424e-03
3.195909194852754407e-03
3.185829389911897305e-03
3.175812967885658419e-03
3.165859332809778902e-03
3.155967896168136635e-03
3.146138076776762178e-03
3.136369300669999277e-03
3.126661000988792578e-03
3.117012617871035753e-03
3.107423598343946654e-03
3.097893396218423957e-03
3.088421471985339749e-03
3.079007292713726012e-03
3.069650331950828093e-03
3.060350069623959252e-03
3.051105991944151521e-03
3.041917591311533043e-03
3.032784366222417583e-03
3.023705821178059375e-03
3.014681466595045111e-03
3.005710818717282750e-03
2.996793399529558942e-03
2.987928736672631688e-03
2.979116363359820066e-03
2.970355818295072371e-03
2.961646645592471913e-03
2.952988394697155308e-03
2.944380620307615083e-03
2.935822882299353193e-03
2.927314745649868544e-03
2.918855780364942084e-03
2.910445561406190419e-03
2.902083668619880995e-03
2.893769686666956397e-03
2.885503204954272503e-03
2.877283817566998487e-03
2.869111123202177770e-03
2.860984725103413520e-03
2.852904230996667831e-03
2.844869253027132970e-03
2.836879407697179452e-03
2.828934315805339307e-03
2.821033602386316310e-03
2.813176896651994538e-03
2.805363831933429652e-03
2.797594045623812056e-03
2.789867179122361603e-03
2.782182877779166858e-03
2.774540790840914276e-03
2.766940571397526367e-03
2.759381876329663769e-03
2.751864366257089460e-03
2.744387705487872590e-03
2.736951561968424540e-03
2.729555607234332958e-03
2.722199516362004169e-03
2.714882967921077982e-03
2.707605643927605762e-03
2.700367229797986154e-03
2.693167414303634152e-03
2.686005889526372255e-03
2.678882350814534158e-03
2.671796496739764926e-03
2.664748029054499895e-03
2.657736652650124001e-03
2.650762075515779477e-03
2.643824008697830998e-03
2.636922166259956634e-03
2.630056265243867208e-03
2.623226025630638874e-03
2.616431170302639837e-03
2.609671425006055128e-03
2.602946518313988596e-03
2.596256181590129129e-03
2.589600148952981521e-03
2.582978157240645514e-03
2.576389945976129570e-03
2.569835257333198068e-03
2.563313836102738916e-03
2.556825429659639447e-03
2.550369787930164070e-03
2.543946663359827626e-03
2.537555810881750567e-03
2.531196987885490739e-03
2.524869954186340949e-03
2.518574471995093603e-03
2.512310305888240756e-03
2.506077222778636468e-03
2.499874991886580269e-03
2.493703384711335597e-03
2.487562175003069347e-03
2.481451138735202983e-03
2.475370054077170000e-03
2.469318701367574989e-03
2.463296863087742136e-03
2.457304323835654905e-03
2.451340870300269988e-03
2.445406291236207254e-03
2.439500377438806600e-03
2.433622921719541705e-03
2.427773718881796362e-03
2.421952565696978196e-03
2.416159260880985839e-03
2.410393605071004842e-03
2.404655400802641844e-03
2.398944452487377938e-03
2.393260566390348169e-03
2.387603550608434141e-03
2.381973215048663675e-03
2.376369371406919680e-03
2.370791833146948264e-03
2.365240415479659582e-03
2.359714935342718811e-03
2.354215211380426831e-03
2.348741063923874117e-03
2.343292314971378697e-03
2.337868788169190394e-03
2.332470308792466106e-03
2.327096703726502704e-03
2.321747801448237943e-03
2.316423432007992493e-03
2.311123427011479124e-03
2.305847619602040873e-03
2.300595844443147683e-03
2.295367937701121592e-03
2.290163737028098282e-03
2.284983081545225413e-03
2.279825811826081267e-03
2.274691769880321946e-03
2.269580799137548444e-03
2.264492744431390557e-03
2.259427451983801131e-03
2.254384769389567150e-03
2.249364545601021618e-03
2.244366630912964043e-03
2.239390876947773903e-03
2.234437136640735760e-03
2.229505264225542169e-03
2.224595115219998691e-03
2.219706546411915823e-03
2.214839415845183939e-03
2.209993582806033408e-03
2.205168907809471664e-03
2.200365252585902414e-03
2.195582480067914850e-03
2.190820454377246772e-03
2.186079040811915539e-03
2.181358105833521629e-03
2.176657517054703551e-03
2.171977143226771004e-03
2.167316854227484615e-03
2.162676521048995278e-03
2.158056015785945678e-03
2.153455211623711910e-03
2.148873982826805980e-03
2.144312204727419693e-03
2.139769753714114257e-03
2.135246507220659069e-03
2.130742343715004081e-03
2.126257142688396575e-03
2.121790784644633689e-03
2.117343151089449375e-03
2.112914124520036234e-03
2.108503588414696161e-03
2.104111427222623686e-03
2.099737526353812056e-03
2.095381772169091581e-03
2.091044051970283348e-03
2.086724253990482596e-03
2.082422267384459198e-03
2.078137982219174350e-03
2.073871289464416547e-03
2.069622080983556794e-03
2.065390249524406627e-03
2.061175688710200141e-03
2.056978293030673616e-03
2.052797957833268731e-03
2.048634579314428158e-03
2.044488054511006941e-03
2.040358281291784065e-03
2.036245158349075934e-03
2.032148585190452633e-03
2.028068462130556103e-03
2.024004690283009392e-03
2.019957171552433459e-03
2.015925808626548976e-03
2.011910504968381780e-03
2.007911164808552466e-03
2.003927693137666152e-03
1.999959995698786814e-03
1.996007978980003129e-03
