# f_z
9.962926781436701740e-01
9.975041508008484215e-01
9.982408767593052845e-01
9.987141686914962069e-01
9.990319200733861482e-01
9.992530757593904855e-01
9.994117138100487852e-01
9.995284381109661442e-01
9.996162237304618836e-01
9.996835109290138632e-01
9.997359450180735019e-01
9.997774084909121228e-01
9.998106286646889496e-01
9.998375545530304720e-01
9.998596081601865970e-01
9.998778437263010632e-01
9.998930530269823924e-01
9.999058401483178482e-01
9.999166672647582521e-01
9.999258957689191041e-01
9.999338102503252390e-01
9.999406365538943131e-01
9.999465554683081292e-01
9.999517129970154627e-01
9.999562285105452197e-01
9.999601978978307493e-01
9.999637013439610644e-01
9.999668052963756049e-01
9.999695651366067306e-01
9.999720272741132732e-01
9.999742307991241752e-01
9.999762087962963397e-01
9.999779893955372811e-01
9.999795969065415902e-01
9.999810517857032899e-01
9.999823714941420416e-01
9.999835713854388075e-01
9.999846647646869480e-01
9.999856632006665080e-01
9.999865767847958553e-01
9.999874143468561183e-01
9.999881836354390652e-01
9.999888914694797792e-01
9.999895438659838209e-01
9.999901461480743547e-01
9.999907030367092275e-01
9.999912187287899323e-01
9.999916970477533695e-01
9.999921413862608022e-01
9.999925545534805726e-01
9.999929392384081517e-01
9.999932978560829300e-01
9.999936325796303649e-01
9.999939453680892765e-01
9.999942379906404666e-01
9.999945120477500282e-01
9.999947689896636627e-01
9.999950101326184893e-01
9.999952366730857634e-01
9.999954497003079590e-01
9.999956502073583664e-01
9.999958391009148295e-01
9.999960172099142675e-01
9.999961852932297557e-01
9.999963440464925135e-01
9.999964941081654901e-01
9.999966360649577002e-01
9.999967704566612436e-01
9.999968977804771786e-01
9.999970185338786788e-01
9.999971331531387619e-01
9.999972419659697298e-01
9.999973453358810271e-01
9.999974435993802535e-01
9.999975370682848697e-01
9.999976260318121923e-01
9.999977107584685498e-01
9.999977914977605797e-01
9.999978684817464325e-01
9.999979419264442004e-01
9.999980120331114497e-01
9.999980789894099553e-01
9.999981429704660751e-01
9.999982041398376431e-01
9.999982626503972627e-01
9.999983186451376627e-01
9.999983722579106615e-01
9.999984236141016281e-01
9.999984728312487636e-01
9.999985200196105373e-01
9.999985652826872684e-01
9.999986087177000771e-01
9.999986504160310874e-01
9.999986904636292140e-01
9.999987289413841962e-01
9.999987659254704342e-01
9.999988014876655118e-01
9.999988356956439617e-01
9.999988686132482707e-01
9.999989003007404564e-01
9.999989308150343259e-01
9.999989602099108588e-01
9.999989885362180475e-01
9.999990158420558606e-01
9.999990421729485490e-01
9.999990675941384799e-01
9.999990921337371663e-01
9.999991158186301021e-01
9.999991386857549625e-01
9.999991607701486096e-01
9.999991821050597807e-01
9.999992027220545587e-01
9.999992226511154048e-01
9.999992419207327510e-01
9.999992605579911542e-01
9.999992785886495650e-01
9.999992960372163786e-01
9.999993129270199343e-01
9.999993292802741296e-01
9.999993451181400372e-01
9.999993604607840814e-01
9.999993753274317720e-01
9.999993897364185536e-01
9.999994037052380991e-01
9.999994172505863865e-01
9.999994303884044422e-01
9.999994431339171985e-01
9.999994555016717968e-01
9.999994675055714488e-01
9.999994791589092991e-01
9.999994904743989554e-01
9.999995014642042435e-01
9.999995121399664066e-01
9.999995225128300858e-01
9.999995325934681878e-01
9.999995423921048676e-01
9.999995519185376214e-01
9.999995611821572705e-01
9.999995701919686120e-01
9.999995789566079596e-01
9.999995874843607968e-01
9.999995957831786519e-01
9.999996038606945303e-01
9.999996117242373472e-01
9.999996193808468048e-01
9.999996268372858266e-01
9.999996341000536582e-01
9.999996411753975245e-01
9.999996480693241763e-01
9.999996547876108810e-01
9.999996613358146380e-01
9.999996677192832806e-01
9.999996739431633586e-01
9.999996800124097973e-01
9.999996859317938913e-01
9.999996917059109647e-01
9.999996973391883648e-01
9.999997028358922346e-01
9.999997082001346183e-01
9.999997134358795670e-01
9.999997185469495786e-01
9.999997235370315929e-01
9.999997284096822092e-01
9.999997331683332380e-01
9.999997378162969186e-01
9.999997423567705823e-01
9.999997467928413153e-01
9.999997511344332901e-01
9.999997553805850536e-01
9.999997595305484266e-01
9.999997635870355728e-01
9.999997675526673957e-01
9.999997714299769802e-01
9.999997752214132563e-01
9.999997789293437744e-01
9.999997825560582587e-01
9.999997861037713820e-01
9.999997895746256527e-01
9.999997929706943012e-01
9.999997962939836116e-01
9.999997995464354750e-01
9.999998027299300540e-01
9.999998058462877815e-01
9.999998088972716914e-01
9.999998118845894179e-01
9.999998148098955264e-01
9.999998176747928458e-01
9.999998204808350222e-01
9.999998232295277401e-01
9.999998259223306096e-01
9.999998285606590542e-01
9.999998311458854205e-01
9.999998336793408660e-01
9.999998361623165799e-01
9.999998385960654490e-01
9.999998409818028344e-01
9.999998433207085702e-01
9.999998456139275183e-01
9.999998478625714560e-01
9.999998500677194091e-01
9.999998522304194282e-01
9.999998543516892546e-01
9.999998564325176531e-01
9.999998584738648555e-01
9.999998604766640042e-01
9.999998624418218185e-01
9.999998643702197043e-01
9.999998662627140877e-01
9.999998681201377471e-01
9.999998699433001459e-01
9.999998717329886544e-01
9.999998734899688824e-01
9.999998752149854564e-01
9.999998769087627970e-01
9.999998785720055627e-01
9.999998802053996494e-01
9.999998818096121900e-01
9.999998833852927760e-01
9.999998849330735684e-01
9.999998864535699639e-01
9.999998879473810387e-01
9.999998894150904372e-01
9.999998908572661493e-01
9.999998922744617325e-01
9.999998936672159777e-01
9.999998950360542427e-01
9.999998963814878961e-01
9.999998977040157611e-01
9.999998990041234492e-01
9.999999002822844707e-01
9.999999015389603452e-01
9.999999027746010460e-01
9.999999039896451114e-01
9.999999051845203102e-01
9.999999063596437532e-01
9.999999075154220041e-01
9.999999086522520786e-01
9.999999097705206674e-01
9.999999108706054685e-01
9.999999119528747427e-01
9.999999130176879802e-01
9.999999140653957896e-01
9.999999150963406747e-01
9.999999161108565904e-01
9.999999171092697203e-01
9.999999180918983654e-01
9.999999190590534992e-01
9.999999200110386566e-01
9.999999209481501561e-01
9.999999218706775439e-01
9.999999227789034828e-01
9.999999236731040853e-01
9.999999245535493575e-01
9.999999254205027555e-01
9.999999262742217399e-01
9.999999271149581093e-01
9.999999279429577781e-01
9.999999287584608876e-01
9.999999295617026940e-01
9.999999303529125694e-01
9.999999311323151119e-01
9.999999319001297016e-01
9.999999326565711666e-01
9.999999334018491171e-01
9.999999341361688332e-01
9.999999348597310433e-01
9.999999355727320349e-01
9.999999362753638765e-01
9.999999369678143069e-01
9.999999376502670678e-01
9.999999383229021266e-01
9.999999389858952314e-01
9.999999396394185780e-01
9.999999402836406981e-01
9.999999409187263488e-01
9.999999415448371787e-01
9.999999421621309503e-01
9.999999427707623179e-01
9.999999433708828267e-01
9.999999439626405806e-01
9.999999445461809078e-01
9.999999451216458057e-01
9.999999456891744964e-01
9.999999462489033153e-01
9.999999468009658221e-01
9.999999473454928012e-01
9.999999478826123722e-01
9.999999484131736338e-01
9.999999489381840023e-01
9.999999494561062630e-01
9.999999499670602088e-01
9.999999504711628573e-01
9.999999509685290056e-01
9.999999514592713412e-01
9.999999519434998874e-01
9.999999524213227797e-01
9.999999528928460446e-01
9.999999533581733768e-01
9.999999538174065838e-01
9.999999542706454747e-01
9.999999547179878601e-01
9.999999551595296632e-01
9.999999555953648089e-01
9.999999560255856679e-01
9.999999564502825011e-01
9.999999568695442376e-01
9.999999572834576966e-01
9.999999576921082545e-01
9.999999580955795109e-01
9.999999584939537334e-01
9.999999588873114131e-01
9.999999592757314870e-01
9.999999596592915596e-01
9.999999600380677922e-01
9.999999604121345698e-01
9.999999607815653890e-01
9.999999611464320814e-01
9.999999615068052572e-01
9.999999618627540832e-01
9.999999622143465050e-01
9.999999625616493582e-01
9.999999629047280347e-01
9.999999632436470387e-01
9.999999635784692087e-01
9.999999639092568282e-01
9.999999642360706265e-01
9.999999645589703334e-01
9.999999648780147909e-01
9.999999651932613975e-01
9.999999655047669966e-01
9.999999658125870994e-01
9.999999661167763287e-01
9.999999664173883085e-01
9.999999667144756632e-01
9.999999670080903513e-01
9.999999672982829990e-01
9.999999675851037884e-01
9.999999678686016802e-01
9.999999681488248582e-01
9.999999684258208399e-01
9.999999686996362547e-01
9.999999689703166217e-01
9.999999692379072380e-01
9.999999695024520685e-01
9.999999697639947449e-01
9.999999700225777888e-01
9.999999702782433886e-01
9.999999705310327336e-01
9.999999707809864580e-01
9.999999710281443077e-01
9.999999712725455847e-01
9.999999715142288137e-01
9.999999717532320753e-01
9.999999719895924510e-01
9.999999722233466892e-01
9.999999724545307611e-01
9.999999726831803049e-01
9.999999729093300704e-01
9.999999731330142527e-01
9.999999733542668245e-01
9.999999735731208705e-01
9.999999737896089202e-01
9.999999740037631701e-01
9.999999742156152616e-01
9.999999744251961697e-01
9.999999746325365368e-01
9.999999748376664499e-01
9.999999750406154408e-01
9.999999752414127085e-01
9.999999754400868968e-01
9.999999756366660941e-01
9.999999758311782783e-01
9.999999760236505386e-01
9.999999762141099646e-01
9.999999764025828686e-01
9.999999765890952297e-01
9.999999767736729162e-01
9.999999769563410190e-01
9.999999771371244073e-01
9.999999773160475058e-01
9.999999774931342955e-01
9.999999776684087571e-01
9.999999778418939833e-01
9.999999780136129557e-01
9.999999781835884338e-01
9.999999783518426222e-01
9.999999785183975032e-01
9.999999786832746151e-01
9.999999788464951633e-01
9.999999790080803530e-01
9.999999791680505012e-01
9.999999793264261472e-01
9.999999794832272748e-01
9.999999796384735351e-01
9.999999797921843570e-01
9.999999799443789472e-01
9.999999800950760687e-01
9.999999802442943730e-01
9.999999803920519570e-01
9.999999805383671392e-01
9.999999806832574611e-01
9.999999808267404644e-01
9.999999809688334684e-01
9.999999811095533486e-01
9.999999812489167583e-01
9.999999813869404619e-01
9.999999815236404466e-01
9.999999816590329216e-01
9.999999817931335411e-01
9.999999819259579592e-01
9.999999820575213860e-01
9.999999821878391426e-01
9.999999823169258839e-01
9.999999824447963759e-01
9.999999825714651625e-01
9.999999826969465655e-01
9.999999828212543518e-01
9.999999829444027322e-01
9.999999830664052514e-01
9.999999831872753431e-01
9.999999833070262190e-01
9.999999834256712017e-01
9.999999835432230588e-01
9.999999836596945579e-01
9.999999837750983556e-01
9.999999838894466642e-01
9.999999840027518072e-01
9.999999841150258861e-01
9.999999842262805583e-01
9.999999843365278140e-01
9.999999844457790887e-01
9.999999845540457066e-01
9.999999846613389920e-01
9.999999847676700471e-01
9.999999848730497520e-01
9.999999849774889871e-01
9.999999850809982993e-01
9.999999851835881248e-01
9.999999852852691218e-01
9.999999853860511712e-01
9.999999854859444870e-01
9.999999855849590613e-01
9.999999856831046641e-01
9.999999857803909542e-01
9.999999858768275907e-01
9.999999859724237883e-01
9.999999860671890950e-01
9.999999861611325036e-01
9.999999862542632290e-01
9.999999863465900418e-01
9.999999864381219350e-01
9.999999865288674572e-01
9.999999866188352682e-01
9.999999867080339166e-01
9.999999867964716183e-01
9.999999868841568107e-01
9.999999869710974876e-01
9.999999870573017535e-01
9.999999871427776021e-01
9.999999872275329160e-01
9.999999873115753557e-01
9.999999873949124707e-01
9.999999874775520325e-01
9.999999875595012577e-01
9.999999876407676958e-01
9.999999877213585631e-01
9.999999878012808541e-01
9.999999878805418962e-01
9.999999879591485730e-01
9.999999880371076566e-01
9.999999881144262526e-01
9.999999881911108002e-01
9.999999882671680718e-01
9.999999883426046177e-01
9.999999884174268772e-01
9.999999884916414006e-01
9.999999885652542941e-01
9.999999886382719971e-01
9.999999887107005048e-01
9.999999887825460343e-01
9.999999888538144699e-01
9.999999889245119178e-01
9.999999889946441511e-01
9.999999890642168321e-01
9.999999891332359558e-01
9.999999892017069625e-01
9.999999892696355142e-01
9.999999893370271620e-01
9.999999894038873460e-01
9.999999894702213954e-01
9.999999895360346391e-01
9.999999896013324063e-01
9.999999896661198040e-01
9.999999897304020502e-01
9.999999897941841409e-01
9.999999898574710722e-01
9.999999899202678399e-01
9.999999899825793293e-01
9.999999900444104250e-01
9.999999901057657903e-01
