# C_l1
-1.102467122175530369e-11
1.090409282499506504e-11
-1.116616103995111664e-11
1.109859102501005305e-11
-1.140968054652067056e-11
1.138410398552384917e-11
-1.172625921497646698e-11
1.171707018247314747e-11
-1.206014299862704827e-11
1.203415663036518449e-11
-1.234164078142491291e-11
1.226280923338248706e-11
-1.250107897545817940e-11
1.234114735325783576e-11
-1.249656395414314986e-11
1.224371659043320821e-11
-1.229663823784557791e-11
1.194710292694020254e-11
-1.190717193530261121e-11
1.146780211271772710e-11
-1.134026008527843525e-11
1.082068341390147281e-11
-1.064660131644767812e-11
1.009370933379733463e-11
-9.809184215918073486e-12
8.984829039217159547e-12
-8.303430962410733198e-12
7.008611453632405323e-12
-5.875960156855861962e-12
4.252113711355215824e-12
-2.831672923428548548e-12
9.327698330073714407e-13
6.501540780488220807e-13
-2.479580522185039876e-12
3.752028350184552128e-12
-5.142530459241228439e-12
5.781091864043464721e-12
-6.197953222347762197e-12
5.695407633852466423e-12
-5.207969237023441414e-12
4.085469550075349471e-12
-3.104152450447938957e-12
1.668019680444929922e-12
-4.345098928004092510e-13
-1.441101523481268588e-12
2.991780350481951252e-12
-4.938830871542885033e-12
6.345332852109098934e-12
-7.727451197442820454e-12
8.220659456556762960e-12
-8.312076887325423370e-12
7.471692931865927165e-12
-6.675085764598726409e-12
5.582481308386555021e-12
-4.986708869789073566e-12
4.151622923207290098e-12
-3.726545643007180722e-12
2.791624052367539637e-12
-1.782608285918494924e-12
-1.861915265201020055e-15
1.385397159791561583e-12
-2.952551898032328630e-12
4.365067924365430203e-12
-6.518854294769796657e-12
8.372945685979337210e-12
-1.075093539105194020e-11
1.300408478497979554e-11
-1.529832775232306629e-11
1.690370084909653141e-11
-1.954941457537251422e-11
2.224476456668952685e-11
-2.496614856023402411e-11
2.701467551256671849e-11
-2.846833170396681198e-11
2.810823288967320070e-11
-2.778079556373255080e-11
2.642528225785687322e-11
-2.516734470305437810e-11
2.403077169726990934e-11
-2.406094632782123345e-11
2.456241600120396378e-11
-2.543770041033763677e-11
2.474116102358681095e-11
-2.290299205520855912e-11
1.988307921630571106e-11
-1.668145593708158390e-11
1.310457032734512606e-11
-1.002786218271533419e-11
7.688413494430647819e-12
-6.606021020797253578e-12
5.105032299466620191e-12
-3.479102178173887196e-12
2.392775379685860621e-12
-3.821125570578923762e-12
6.104532106898110393e-12
-8.251919135847839758e-12
9.191397745019868757e-12
-1.752796884138074109e-11
8.592212867623608650e-12
-6.853562833841467143e-12
6.561984217426093882e-12
-9.312737944717718501e-12
1.160567127274541957e-11
-1.279189155288734342e-11
1.376046089698724567e-11
-1.583839715427635011e-11
1.773533119767579495e-11
-2.156062924180111901e-11
2.617780291212069877e-11
-2.899597830833693855e-11
2.915240221563377307e-11
-3.033024516964696244e-11
3.147485617770276585e-11
-3.244465120422716736e-11
3.238390372051937538e-11
-3.031416586826854464e-11
2.599436854286807017e-11
-2.336509891125653595e-11
2.131971262682461355e-11
-2.014665028019701640e-11
1.821075588207577918e-11
-1.567761120919444387e-11
1.475597031103884438e-11
-1.596974284745404409e-11
1.635016904755630112e-11
-1.657668305984564866e-11
1.193237645366155665e-11
-7.293374453763606553e-12
2.046112074965785135e-12
3.793417477599092727e-12
-9.589170828109476628e-12
1.697562548329276498e-11
-2.364446271527060668e-11
2.887728176566120856e-11
-3.385647954192455081e-11
3.757237769544457922e-11
-4.036284184672868885e-11
3.950005595102233798e-11
-3.575692607870473976e-11
3.204288746816165299e-11
-3.130351625356376241e-11
3.308195079398440540e-11
-3.415741411890408027e-11
3.317444309126030321e-11
-3.223782052237073973e-11
3.224995933380286260e-11
-3.305838704343447156e-11
3.469652048753143968e-11
-4.004717126850326816e-11
4.661017351367221742e-11
-4.903996834337811119e-11
4.491304238745386247e-11
-4.046890673626830505e-11
3.803051575191281535e-11
-3.484582103773151327e-11
2.873480726033172016e-11
-2.414544895973843297e-11
2.079404222831468376e-11
-1.723109091510298791e-11
1.593761277839624645e-11
