# a
1.430615164520743776e-01
1.253132832080200432e-01
1.114827201783723382e-01
1.004016064257027968e-01
9.132420091324201794e-02
8.375209380234505119e-02
7.733952049497293257e-02
7.183908045977011048e-02
6.706908115358820033e-02
6.289308176100628922e-02
5.920663114268798211e-02
5.592841163310961067e-02
5.299417064122947246e-02
5.035246727089627561e-02
4.796163069544364527e-02
4.578754578754578447e-02
4.380201489268506498e-02
4.198152812762384611e-02
4.030632809351068074e-02
3.875968992248062656e-02
3.732736095558044503e-02
3.599712023038156850e-02
3.475842891901285980e-02
3.360215053763441345e-02
3.252032520325203596e-02
3.150598613736609738e-02
3.055300947143294032e-02
2.965599051008303844e-02
2.881014116969173033e-02
2.801120448179271472e-02
2.725538293813028340e-02
2.653927813163482058e-02
2.585983966899405018e-02
2.521432173474533189e-02
2.460024600246002446e-02
2.401536983669548542e-02
2.345765892563922081e-02
2.292526364053186494e-02
2.241649854292759522e-02
2.192982456140350755e-02
2.146383344065249874e-02
2.101723413198823207e-02
2.058884084826024391e-02
2.017756255044390531e-02
1.978239366963402412e-02
1.940240589833139295e-02
1.903674090995621446e-02
1.868460388639760564e-02
1.834525775087140001e-02
1.801801801801801786e-02
1.770224818551956181e-02
1.739735560194850122e-02
1.710278775440396762e-02
1.681802892700975591e-02
1.654259718775847807e-02
1.627604166666666435e-02
1.601794009290405385e-02
1.576789656259854761e-02
1.552553951249805927e-02
1.529051987767584241e-02
1.506250941406838371e-02
1.484119916889284699e-02
1.462629808395495001e-02
1.441753171856978086e-02
1.421464108031272357e-02
1.401738155312587907e-02
1.382552191345223259e-02
1.363884342607746963e-02
1.345713901224599926e-02
1.328021248339973474e-02
1.310787783457858374e-02
1.293995859213250416e-02
1.277628721093650166e-02
1.261670451678021873e-02
1.246105919003115230e-02
1.230920728705071389e-02
1.216101179618144304e-02
1.201634222542657948e-02
1.187507421921387037e-02
1.173708920187793540e-02
1.160227404571296042e-02
1.147052076164258028e-02
1.134172621072927420e-02
1.121579183490354487e-02
1.109262340543538602e-02
1.097213078779899105e-02
1.085422772169760200e-02
1.073883161512027666e-02
1.062586335139730116e-02
1.051524710830704576e-02
1.040691018836507539e-02
1.030078285949732192e-02
1.019679820536351610e-02
1.009489198465576484e-02
9.995002498750625228e-03
9.897070467141727210e-03
9.801038910124473813e-03
9.706853038245000578e-03
9.614460148062687131e-03
9.523809523809524669e-03
9.434852344560807486e-03
9.347541596560106011e-03
9.261831990367693987e-03
9.177679882525697705e-03
9.095043201455207255e-03
9.013881377321075056e-03
8.934155275618690245e-03
8.855827134254340427e-03
8.778860503906592977e-03
8.703220191470845482e-03
8.628872206402623396e-03
8.555783709787816160e-03
8.483922965979469669e-03
8.413259296651522112e-03
8.343763037129746027e-03
8.275405494869249312e-03
8.208158909956497426e-03
8.141996417521576643e-03
8.076892011953801243e-03
8.012820512820513844e-03
7.949757532395263296e-03
7.887679444707368023e-03
7.826563356030366569e-03
7.766387076731905148e-03
7.707129094412331315e-03
7.648768548263728921e-03
7.591285204585136726e-03
7.534659433393610904e-03
7.478872186074339221e-03
7.423904974016333133e-03
7.369739848183359636e-03
7.316359379572724524e-03
7.263746640517178103e-03
7.211885186787826869e-03
7.160759040458288677e-03
7.110352673492604907e-03
7.060650992021464886e-03
7.011639321273313574e-03
6.963303391128750595e-03
6.915629322268327002e-03
6.868603612885500198e-03
6.822213125938053971e-03
6.776445076912650592e-03
6.731287022078620910e-03
6.686726847208290976e-03
6.642752756742392739e-03
6.599353263380188829e-03
6.556517178075005683e-03
6.514233600416910117e-03
6.472491909385113575e-03
6.431281754453662368e-03
6.390593047034764072e-03
6.350415952244872243e-03
6.310740880979427009e-03
6.271558482282846465e-03
6.232859636000996975e-03
6.194635445704020117e-03
6.156877231867995993e-03
6.119576525304449080e-03
6.082725060827250119e-03
6.046314771146985359e-03
6.010337780983291203e-03
5.974786401386150171e-03
5.939653124257543090e-03
5.904930617065249666e-03
5.870611717740988576e-03
5.836689429755442110e-03
5.803156917363045189e-03
5.770007501009751655e-03
5.737234652897302972e-03
5.704831992697814193e-03
5.672793283412752227e-03
5.641112427370677251e-03
5.609783462358352256e-03
5.578800557880055598e-03
5.548158011540168209e-03
5.517850245544335223e-03
5.487871803314674397e-03
5.458217346214725742e-03
5.428881650380021524e-03
5.399859603650304998e-03
5.371146202599634371e-03
5.342736549660736037e-03
5.314625850340135883e-03
5.286809410520750159e-03
5.259282633848742262e-03
5.232041019201590613e-03
5.205080158234436788e-03
5.178395733001915809e-03
5.151983513652756350e-03
5.125839356194576528e-03
5.099959200326397227e-03
5.074339067336479901e-03
5.048975058063212909e-03
5.023863350916854542e-03
4.999000199960007725e-03
4.974381933044819300e-03
4.950004950004949743e-03
4.925865720900447602e-03
4.901960784313725422e-03
4.878286745694911976e-03
4.854840275754927596e-03
4.831618108904671936e-03
4.808617041738795853e-03
4.785833931562574230e-03
4.763265694960465077e-03
4.740909306404967986e-03
4.718761796904492184e-03
4.696820252688929664e-03
4.675081813931743387e-03
4.653543673507375307e-03
4.632203075782842343e-03
4.611057315442430860e-03
4.590103736344441042e-03
4.569339730408955927e-03
4.548762736535661919e-03
4.528370239550785770e-03
4.508159769182219952e-03
4.488128899061981196e-03
4.468275245755138313e-03
4.448596467814404376e-03
4.429090264859597906e-03
4.409754376681218439e-03
4.390586582367403574e-03
4.371584699453551909e-03
4.352746583093931865e-03
4.334070125254625878e-03
4.315553253927153360e-03
4.297193932362167006e-03
4.278990158322635261e-03
4.260939963355916786e-03
4.243041412084182229e-03
4.225292601512654206e-03
4.207691660355129468e-03
4.190236748376282780e-03
4.172926055750291949e-03
4.155757802435273984e-03
4.138730237563115200e-03
4.121841638844235545e-03
4.105090311986863902e-03
4.088474590130421887e-03
4.071992833292612836e-03
4.055643427829825655e-03
4.039424785910486655e-03
4.023335345001005474e-03
4.007373567363949063e-03
3.991537939568115881e-03
3.975826972010178088e-03
3.960239198447585568e-03
3.944773175542406508e-03
3.929427482415812252e-03
3.914200720212932319e-03
3.899091511677778635e-03
3.884098500737979184e-03
3.869220352099052209e-03
3.854455750847980266e-03
3.839803402065813942e-03
3.825262030449085374e-03
3.810830379939789559e-03
3.796507213363704922e-03
3.782291312076856236e-03
3.768181475619865762e-03
3.754176521380035193e-03
3.740275284260921596e-03
3.726476616359232150e-03
3.712779386648844705e-03
3.699182480671771561e-03
3.685684800235883903e-03
3.672285263119239029e-03
3.658982802780826916e-03
3.645776368077581747e-03
3.632664922987503126e-03
3.619647446338726971e-03
3.606722931544399050e-03
3.593890386343216725e-03
3.581148832545480616e-03
3.568497305784533880e-03
3.555934855273451198e-03
3.543460543566847795e-03
3.531073446327683604e-03
3.518772652098948062e-03
3.506557262080089825e-03
3.494426389908096391e-03
3.482379161443097462e-03
3.470414714558389246e-03
3.458532198934772140e-03
3.446730775859097734e-03
3.435009618026930566e-03
3.423367909349217530e-03
3.411804844762879492e-03
3.400319630045224063e-03
3.388911481632099747e-03
3.377579626439693432e-03
3.366323301689894479e-03
3.355141754739137793e-03
3.344034242910646961e-03
3.333000033329999810e-03
3.322038402763936166e-03
3.311148637462335825e-03
3.300330033003300370e-03
3.289581894141254716e-03
3.278903534658010252e-03
3.268294277216720212e-03
3.257753453218660469e-03
3.247280402662769839e-03
3.236874474007897864e-03
3.226535024037685898e-03
3.216261417728032927e-03
3.206053028117084990e-03
3.195909236177692236e-03
3.185829430692280716e-03
3.175813008130081230e-03
3.165859372526672304e-03
3.155967935365776560e-03
3.146138115463268433e-03
3.136369338853342917e-03
3.126661038676797205e-03
3.117012655071379687e-03
3.107423635064168136e-03
3.097893432465922883e-03
3.088421507767379840e-03
3.079007328037440452e-03
3.069650366823219092e-03
3.060350104051903688e-03
3.051106025934401372e-03
3.041917624870718422e-03
3.032784399357049340e-03
3.023705853894533002e-03
3.014681498899641609e-03
3.005710850616170795e-03
2.996793431028799224e-03
2.987928767778176044e-03
2.979116394077516682e-03
2.970355848630665783e-03
2.961646675551606479e-03
2.952988424285376938e-03
2.944380649530371243e-03
2.935822911161998540e-03
2.927314774157664928e-03
2.918855808523058981e-03
2.910445589219709268e-03
2.902083696093795632e-03
2.893769713806175221e-03
2.885503231763619347e-03
2.877283844051215650e-03
2.869111149365926455e-03
2.860984750951277300e-03
2.852904256533150915e-03
2.844869278256664108e-03
2.836879432624113666e-03
2.828934340433958330e-03
2.821033626720830315e-03
2.813176920696542575e-03
2.805363855692083550e-03
2.797594069100573389e-03
2.789867202321169495e-03
2.782182900703892344e-03
2.774540813495366375e-03
2.766940593785451215e-03
2.759381898454745918e-03
2.751864388122953614e-03
2.744387727098084474e-03
2.736951583326490897e-03
2.729555628343705454e-03
2.722199537226078526e-03
2.714882988543193543e-03
2.707605664311049827e-03
2.700367249945992681e-03
2.693167434219385491e-03
2.686005909213000017e-03
2.678882370275120946e-03
2.671796515977343037e-03
2.664748048072054787e-03
2.657736671450592562e-03
2.650762094102054357e-03
2.643824027072758012e-03
2.636922184426337360e-03
2.630056283204460291e-03
2.623226043388158721e-03
2.616431187859759224e-03
2.609671442365406064e-03
2.602946535478161023e-03
2.596256198561673958e-03
2.589600165734410632e-03
2.582978173834431321e-03
2.576389962384706758e-03
2.569835273558964892e-03
2.563313852148056769e-03
2.556825445526833725e-03
2.550369803621525041e-03
2.543946678877610432e-03
2.537555826228176954e-03
2.531197003062748627e-03
2.524869969196586166e-03
2.518574486840448150e-03
2.512310320570796708e-03
2.506077237300453377e-03
2.499875006249687760e-03
2.493703398917732940e-03
2.487562189054726321e-03
2.481451152634060308e-03
2.475370067825139776e-03
2.469318714966540693e-03
2.463296876539560788e-03
2.457304337142155338e-03
2.451340883463254579e-03
2.445406304257452361e-03
2.439500390320062558e-03
2.433622934462534131e-03
2.427773731488225284e-03
2.421952578168519356e-03
2.416159273219290696e-03
2.410393617277701434e-03
2.404655412879334354e-03
2.398944464435648002e-03
2.393260578211755304e-03
2.387603562304514877e-03
2.381973226620932860e-03
2.376369382856871344e-03
2.370791844476054754e-03
2.365240426689372861e-03
2.359714946434470460e-03
2.354215222355628048e-03
2.348741074783915715e-03
2.343292325717633278e-03
2.337868798803011041e-03
2.332470319315186821e-03
2.327096714139439276e-03
2.321747811752687511e-03
2.316423442205235283e-03
2.311123437102775846e-03
2.305847629588636625e-03
2.300595854326270215e-03
2.295367947481981308e-03
2.290163746707889539e-03
2.284983091125125654e-03
2.279825821307252323e-03
2.274691779263909603e-03
2.269580808424683741e-03
2.264492753623188488e-03
2.259427461081361943e-03
2.254384778393976347e-03
2.249364554513349958e-03
2.244366639734267106e-03
2.239390885679095125e-03
2.234437145283102964e-03
2.229505272779970168e-03
2.224595123687488855e-03
2.219706554793456511e-03
2.214839424141749630e-03
2.209993591018586008e-03
2.205168915938960934e-03
2.200365260633265103e-03
2.195582488034075568e-03
2.190820462263117548e-03
2.186079048618397996e-03
2.181358113561503512e-03
2.176657524705062630e-03
2.171977150800373339e-03
2.167316861725184125e-03
2.162676528471636772e-03
2.158056023134360523e-03
2.153455218898722798e-03
2.148873990029224763e-03
2.144312211858046512e-03
2.139769760773740578e-03
2.135246514210065519e-03
2.130742350634961309e-03
2.126257149539665259e-03
2.121790791427964964e-03
2.117343157805585269e-03
2.112914131169709234e-03
2.108503594998629646e-03
2.104111433741531062e-03
2.099737532808398921e-03
2.095381778560053559e-03
2.091044058298308257e-03
2.086724260256249582e-03
2.082422273588638295e-03
2.078137988362427357e-03
2.073871295547398321e-03
2.069622087006912654e-03
2.065390255488774515e-03
2.061175694616208896e-03
2.056978298878946870e-03
2.052797963624420144e-03
2.048634585049064882e-03
2.044488060189728323e-03
2.040358286915182080e-03
2.036245163917735617e-03
2.032148590704952081e-03
2.028068467591466039e-03
2.024004695690894036e-03
2.019957176907849657e-03
2.015925813930047501e-03
2.011910510220505169e-03
2.007911170009838483e-03
2.003927698288645622e-03
1.999960000799984056e-03
1.996007984031935960e-03
