# d_a
# unit = Mpc
1.178799149612509609e+03
1.079873838716587898e+03
9.956335665154304024e+02
9.233334278726293860e+02
8.607429205336286486e+02
8.060985180030816082e+02
7.580128910672012807e+02
7.153905388625171327e+02
6.773599839379696732e+02
6.432218528640997874e+02
6.124097416871464929e+02
5.844607930124553832e+02
5.589934917716694827e+02
5.356907962288501039e+02
5.142872186954606377e+02
4.945588458705449852e+02
4.763155627894667532e+02
4.593949419761316904e+02
4.436574015025987592e+02
4.289823376782268838e+02
4.152650151746364600e+02
4.024140432842324913e+02
3.903493200588620766e+02
3.790003427349191156e+02
3.683048122645720355e+02
3.582074739195176107e+02
3.486591488007654789e+02
3.396159206595084470e+02
3.310384497945581188e+02
3.228913914908996503e+02
3.151429009058427368e+02
3.077642097932858292e+02
3.007292632059742914e+02
2.940144064978430833e+02
2.875981146902796581e+02
2.814607576637292823e+02
2.755843957632374668e+02
2.699526013200726879e+02
2.645503023354452239e+02
2.593636451807786898e+02
2.543798736688304132e+02
2.495872222622526806e+02
2.449748215276390226e+02
2.405326142269900060e+02
2.362512806753785526e+02
2.321221721919532683e+02
2.281372516380643276e+02
2.242890401767921276e+02
2.205705692772370696e+02
2.169753386700079147e+02
2.134972763742487700e+02
2.101307046544522734e+02
2.068703082813869969e+02
2.037111059840376868e+02
2.006484245617053261e+02
1.976778753712217167e+02
1.947953329386457995e+02
1.919969154745936066e+02
1.892789670982280938e+02
1.866380415974346079e+02
1.840708875723424285e+02
1.815744348264927055e+02
1.791457818849683861e+02
1.767821845319744796e+02
1.744810452719196689e+02
1.722399036282501186e+02
1.700564272032744100e+02
1.679284034301441579e+02
1.658537319552099234e+02
1.638304175951749357e+02
1.618565638190208915e+02
1.599303667095932724e+02
1.580501093641103978e+02
1.562141566967821404e+02
1.544209506102016007e+02
1.526690055053059609e+02
1.509569041024942067e+02
1.492832935490046111e+02
1.476468817899019541e+02
1.460464341820545826e+02
1.444807703323077419e+02
1.429487611426998512e+02
1.414493260470568146e+02
1.399814304246390577e+02
1.385440831777303003e+02
1.371363344611569062e+02
1.357572735527186865e+02
1.344060268544242263e+02
1.330817560152371186e+02
1.317836561667931221e+02
1.305109542642213682e+02
1.292629075248329968e+02
1.280388019579949344e+02
1.268379509800291771e+02
1.256596941084486758e+02
1.245033957302710661e+02
1.233684439395459123e+02
1.222542494395971602e+02
1.211602445058067730e+02
1.200858820050792843e+02
1.190306344683983184e+02
1.179939932131470925e+02
1.169754675121049701e+02
1.159745838062407302e+02
1.149908849586332877e+02
1.140239295470309600e+02
1.130732911927291866e+02
1.121385579236116286e+02
1.112193315693357647e+02
1.103152271867880927e+02
1.094258724030633374e+02
1.085509073348095797e+02
1.076899834446058577e+02
1.068427634990764545e+02
1.060089210158018460e+02
1.051881398372816250e+02
1.043801137250341071e+02
1.035845459727265165e+02
1.028011490373000214e+02
1.020296441871238216e+02
1.012697611662629953e+02
1.005212378740067862e+02
9.978382005885241313e+01
9.905726102618879736e+01
9.834132135896720683e+01
9.763576865069451571e+01
9.694037725011153839e+01
9.625492801697153311e+01
9.557920808835095272e+01
9.491301065497417255e+01
9.425613474704655914e+01
9.360838502913273373e+01
9.296957160363304240e+01
9.233950982244518002e+01
9.171802010640743674e+01
9.110492777216049376e+01
9.050006286606519268e+01
8.990326000484810720e+01
8.931435822265733293e+01
8.873320082422809207e+01
8.815963524387748862e+01
8.759351291005626194e+01
8.703468911520633355e+01
8.648302289068325877e+01
8.593837688651206008e+01
8.540061725576120466e+01
8.486961354333023166e+01
8.434523857895280230e+01
8.382736837423172460e+01
8.331588202352874362e+01
8.281066160854142311e+01
8.231159210640964830e+01
8.181856130119591342e+01
8.133145969860150615e+01
8.085018044377594038e+01
8.037461924209310382e+01
7.990467428276700446e+01
7.944024616519129722e+01
7.898123782788843528e+01
7.852755447996025850e+01
7.807910353494116862e+01
7.763579454695178583e+01
7.719753914906307557e+01
7.676425099378171524e+01
7.633584569556933275e+01
7.591224077532046977e+01
7.549335560671426038e+01
7.507911136437400046e+01
7.466943097375695970e+01
7.426423906271359954e+01
7.386346191464643596e+01
7.346702742321016899e+01
7.307486504849326536e+01
7.268690577462558622e+01
7.230308206875545807e+01
7.192332784134866586e+01
7.154757840775702959e+01
7.117577045101000977e+01
7.080784198578513156e+01
7.044373232351217951e+01
7.008338203857202586e+01
6.972673293554674956e+01
6.937372801748766449e+01
6.902431145515892297e+01
6.867842855722786055e+01
6.833602574136293129e+01
6.799705050621072644e+01
6.766145140421876647e+01
6.732917801527615609e+01
6.700018092114216017e+01
6.667441168063551515e+01
6.635182280555953582e+01
6.603236773733527798e+01
6.571600082432104273e+01
6.540267729979272815e+01
6.509235326056405313e+01
6.478498564622438494e+01
6.448053221897350795e+01
6.417895154403439051e+01
6.388020297062110586e+01
6.358424661344989914e+01
6.329104333476879418e+01
6.300055472689353309e+01
6.271274309523038681e+01
6.242757144177228668e+01
6.214500344905092533e+01
6.186500346453114219e+01
6.158753648543472536e+01
6.131256814397626442e+01
6.104006469300249194e+01
6.076999299201867899e+01
6.050232049359220809e+01
6.023701523012056214e+01
5.997404580095174254e+01
5.971338135984827034e+01
5.945499160278178152e+01
5.919884675604943425e+01
5.894491756470184640e+01
5.869317528127307781e+01
5.844359165480434370e+01
5.819613892015043177e+01
5.795078978756243515e+01
5.770751743253778443e+01
5.746629548592974146e+01
5.722709802430815529e+01
5.698989956056406214e+01
5.675467503475150721e+01
5.652139980516084705e+01
5.629004963961207864e+01
5.606060070696823772e+01
5.583302956885768253e+01
5.560731317160086462e+01
5.538342883833605157e+01
5.516135426133782715e+01
5.494106749452274840e+01
5.472254694613769743e+01
5.450577137162463259e+01
5.429071986665697125e+01
5.407737186034435695e+01
5.386570710859823663e+01
5.365570568765702575e+01
5.344734798776348583e+01
5.324061470699223975e+01
5.303548684522250767e+01
5.283194569825120368e+01
5.262997285204487952e+01
5.242955017712445454e+01
5.223065982307953448e+01
5.203328421321059238e+01
5.183740603929348367e+01
5.164300825646346027e+01
5.145007407821685064e+01
5.125858697152563792e+01
5.106853059480224744e+01
5.087988902111700895e+01
5.069264639352850566e+01
5.050678714622696219e+01
5.032229594405384177e+01
5.013915767823741731e+01
4.995735746222398177e+01
4.977688062760047671e+01
4.959771272010593179e+01
4.941983949573122459e+01
4.924324691690291900e+01
4.906792114875190691e+01
4.889384855545991826e+01
4.872101569668760845e+01
4.854940932407734522e+01
4.837901637783225084e+01
4.820982398336777663e+01
4.804181944803393378e+01
4.787499025790808105e+01
4.770932407465451774e+01
4.754480873245002925e+01
4.738143223497498724e+01
4.721918275246594021e+01
4.705804861883091661e+01
4.689801832882313448e+01
4.673908053527388518e+01
4.658122404638303493e+01
4.642443782306364142e+01
4.626871097634259655e+01
4.611403276481236446e+01
4.596039259213682016e+01
4.580778000460506405e+01
4.565618468873691427e+01
4.550559646893452026e+01
4.535600530518279783e+01
4.520740129079452174e+01
4.505977465020156814e+01
4.491311573678823521e+01
4.476741503076882367e+01
4.462266313710730259e+01
4.447885078347616172e+01
4.433596881825736347e+01
4.419400820858032830e+01
4.405296003839919194e+01
4.391281550660782784e+01
4.377356592519004153e+01
4.363520271740582501e+01
4.349771741601345809e+01
4.336110166152372614e+01
4.322534720048976453e+01
4.309044588382679564e+01
4.295638966516671076e+01
4.282317059924095304e+01
4.269078084029527531e+01
4.255921264053507969e+01
4.242845834859731013e+01
4.229851040805396423e+01
4.216936135594072965e+01
4.204100382131478852e+01
4.191343052383838597e+01
4.178663427238879535e+01
4.166060796369348651e+01
4.153534458099120741e+01
4.141083719271566110e+01
4.128707895120593463e+01
4.116406309143758335e+01
4.104178292977822906e+01
4.092023186276546909e+01
4.079940336590632199e+01
4.067929099249810321e+01
4.055988837247166856e+01
4.044118921125304666e+01
4.032318728864780866e+01
4.020587645774312335e+01
4.008925064383021919e+01
3.997330384334609477e+01
3.985803012283280111e+01
3.974342361791611467e+01
3.962947853230094353e+01
3.951618913678539258e+01
3.940354976829038947e+01
3.929155482890791262e+01
3.918019878496407671e+01
3.906947616609990348e+01
3.895938156436572086e+01
3.884990963333360270e+01
3.874105508722262670e+01
3.863281270004072354e+01
3.852517730474020397e+01
3.841814379238791588e+01
3.831170711134863893e+01
3.820586226648393335e+01
3.810060431836249251e+01
3.799592838248460680e+01
3.789182962852002134e+01
3.778830327955744650e+01
3.768534461136711400e+01
3.758294895167586702e+01
3.748111167945322819e+01
3.737982822420990914e+01
3.727909406530791614e+01
3.717890473128148443e+01
3.707925579916951619e+01
3.698014289385819353e+01
3.688156168743572039e+01
3.678350789855522862e+01
3.668597729181039568e+01
3.658896567711941827e+01
3.649246890911960861e+01
3.639648288657129171e+01
3.630100355177182792e+01
3.620602688997825425e+01
3.611154892883953949e+01
3.601756573783775650e+01
3.592407342773771006e+01
3.583106815004615697e+01
3.573854609647835900e+01
3.564650349843402921e+01
3.555493662648052577e+01
3.546384178984503421e+01
3.537321533591369160e+01
3.528305364973960678e+01
3.519335315355733940e+01
3.510411030630557860e+01
3.501532160315699116e+01
3.492698357505521756e+01
3.483909278825932176e+01
3.475164584389430900e+01
3.466463937750938129e+01
3.457807005864292194e+01
3.449193459039322818e+01
3.440622970899620015e+01
3.432095218341025600e+01
3.423609881490568796e+01
3.415166643666169222e+01
3.406765191336876342e+01
3.398405214083734194e+01
3.390086404561186129e+01
3.381808458459088484e+01
3.373571074465292696e+01
3.365373954228746101e+01
3.357216802323139859e+01
3.349099326211133132e+01
3.341021236209075340e+01
3.332982245452220127e+01
3.324982069860502776e+01
3.317020428104772378e+01
3.309097041573490827e+01
3.301211634340021561e+01
3.293363933130248000e+01
3.285553667290795943e+01
3.277780568757601998e+01
3.270044372024986501e+01
3.262344814115172653e+01
3.254681634548234825e+01
3.247054575312461822e+01
3.239463380835140072e+01
3.231907797953792993e+01
3.224387575887761415e+01
3.216902466210225242e+01
3.209452222820628720e+01
3.202036601917482272e+01
3.194655361971498664e+01
3.187308263699220845e+01
3.179995070036845917e+01
3.172715546114599405e+01
3.165469459231323768e+01
3.158256578829507788e+01
3.151076676470590243e+01
3.143929525810651171e+01
3.136814902576448816e+01
3.129732584541740437e+01
3.122682351503938492e+01
3.115663985261123869e+01
3.108677269589324510e+01
3.101721990220119451e+01
3.094797934818582164e+01
3.087904892961464753e+01
3.081042656115695166e+01
3.074211017617199815e+01
3.067409772649958200e+01
3.060638718225378341e+01
3.053897653161925874e+01
3.047186378065034873e+01
3.040504695307307870e+01
3.033852409008891016e+01
3.027229325018260297e+01
3.020635250893094081e+01
3.014069995881549247e+01
3.007533370903645320e+01
3.001025188533048293e+01
2.994545262978929756e+01
2.988093410068184497e+01
2.981669447227813663e+01
2.975273193467603861e+01
2.968904469362922782e+01
2.962563097037871529e+01
2.956248900148554526e+01
2.949961703866592799e+01
2.943701334862877061e+01
2.937467621291507669e+01
2.931260392773906531e+01
2.925079480383236685e+01
2.918924716628881555e+01
2.912795935441229744e+01
2.906692972156627874e+01
2.900615663502486896e+01
2.894563847582607607e+01
2.888537363862713292e+01
2.882536053156112033e+01
2.876559757609573609e+01
2.870608320689391846e+01
2.864681587167597954e+01
2.858779403108339068e+01
2.852901615854482387e+01
2.847048074014310259e+01
2.841218627448453660e+01
2.835413127256911991e+01
2.829631425766294939e+01
2.823873376517219214e+01
2.818138834251832492e+01
2.812427654901452456e+01
2.806739695574482241e+01
2.801074814544364955e+01
2.795432871237703409e+01
2.789813726222547174e+01
2.784217241196853720e+01
2.778643278976982245e+01
2.773091703486459991e+01
2.767562379744799372e+01
2.762055173856455070e+01
2.756569952999932838e+01
2.751106585417072381e+01
2.745664940402355825e+01
2.740244888292428627e+01
2.734846300455725654e+01
2.729469049282215565e+01
2.724113008173252126e+01
2.718778051531563733e+01
2.713464054751375798e+01
2.708170894208628354e+01
2.702898447251292069e+01
2.697646592189852655e+01
2.692415208287857453e+01
2.687204175752599866e+01
2.682013375725897220e+01
2.676842690274984449e+01
