# d_l
# unit = Mpc
5.759624432998218981e+04
6.876679799900780199e+04
8.010957283204140549e+04
9.159615337844945316e+04
1.032052280292833893e+05
1.149203066811841563e+05
1.267283093917809310e+05
1.386186493094500329e+05
1.505826110452805588e+05
1.626129166225730733e+05
1.747034130715498468e+05
1.868488425456411787e+05
1.990446696702315239e+05
2.112869495722645661e+05
2.235722254293374426e+05
2.358974478328693949e+05
2.482599105343788688e+05
2.606571986756981059e+05
2.730871466570438351e+05
2.855478032521348796e+05
2.980374039773988188e+05
3.105543457612714847e+05
3.230971677189489710e+05
3.356645339457858354e+05
3.482552190469193738e+05
3.608680957528022700e+05
3.735021242643514997e+05
3.861563430412143935e+05
3.988298608011319302e+05
4.115218495412367047e+05
4.242315384260956780e+05
4.369582084144148976e+05
4.497011875181282521e+05
4.624598466051988071e+05
4.752335956717985682e+05
4.880218805212604930e+05
5.008241797968199244e+05
5.136400023231481900e+05
5.264688847182877362e+05
5.393103892431040294e+05
5.521641018600134412e+05
5.650296304766231915e+05
5.779066033531869762e+05
5.907946676556018647e+05
6.036934881379966391e+05
6.166027459410143783e+05
6.295221374936011853e+05
6.424513735076177400e+05
6.553901773732824950e+05
6.683382869382919744e+05
6.812954499331203988e+05
6.942614256953594740e+05
7.072359839171863860e+05
7.202189040332749719e+05
7.332099746544450754e+05
7.462089930429152446e+05
7.592157646255033324e+05
7.722301025414672913e+05
7.852518272220264189e+05
7.982807659988831729e+05
8.113167527393475175e+05
8.243596275058796164e+05
8.374092362380855484e+05
8.504654304553943221e+05
8.635280669787761290e+05
8.765970076700400095e+05
8.896721191873964854e+05
9.027532727560056373e+05
9.158403439524752321e+05
9.289332125022254186e+05
9.420317620888240635e+05
9.551358801744462689e+05
9.682454578306365293e+05
9.813603895787135698e+05
9.944805732391114580e+05
1.007605909789075726e+06
1.020736303228143952e+06
1.033871660450910218e+06
1.047011891126582748e+06
1.060156907584901201e+06
1.073306624708016636e+06
1.086460959827945335e+06
1.099619832629258512e+06
1.112783165056678466e+06
1.125950881227285368e+06
1.139122907347066095e+06
1.152299171631515026e+06
1.165479604230092373e+06
1.178664137154278113e+06
1.191852704209038522e+06
1.205045240927479230e+06
1.218241684508547187e+06
1.231441973757576430e+06
1.244646049029531889e+06
1.257853852174806409e+06
1.271065326487428742e+06
1.284280416655544890e+06
1.297499068714077119e+06
1.310721229999402305e+06
1.323946849105999107e+06
1.337175875844913768e+06
1.350408261203965871e+06
1.363643957309634658e+06
1.376882917390489718e+06
1.390125095742129954e+06
1.403370447693548398e+06
1.416618929574819515e+06
1.429870498686108273e+06
1.443125113267870387e+06
1.456382732472247910e+06
1.469643314844950102e+06
1.482906824161312310e+06
1.496173220751331421e+06
1.509442467148796888e+06
1.522714526671700412e+06
1.535989363399520284e+06
1.549266942151379772e+06
1.562547228464996675e+06
1.575830188576367451e+06
1.589115789400220849e+06
1.602403998511139769e+06
1.615694784125368809e+06
1.628988115083253710e+06
1.642283960832301062e+06
1.655582291410797974e+06
1.668883077432044083e+06
1.682186290069056908e+06
1.695491901039861841e+06
1.708799882593203569e+06
1.722110207494809991e+06
1.735422849014051491e+06
1.748737780911064940e+06
1.762054977424276760e+06
1.775374413258381188e+06
1.788696063572620973e+06
1.802019903969532810e+06
1.815345910483978456e+06
1.828674059572556987e+06
1.842004328103339765e+06
1.855336693345916923e+06
1.868671132961780066e+06
1.882007624994949903e+06
1.895346147862914018e+06
1.908686680347864283e+06
1.922029201588161988e+06
1.935373691070052795e+06
1.948720128619662253e+06
1.962068494395198533e+06
1.975418768879387761e+06
1.988770932872136822e+06
2.002124967483397573e+06
2.015480854126262944e+06
2.028838574510199949e+06
2.042198110634549055e+06
2.055559444782144157e+06
2.068922559513155371e+06
2.082287437659070594e+06
2.095654062316863798e+06
2.109022416843322106e+06
2.122392484849498607e+06
2.135764250195368193e+06
2.149137696984579321e+06
2.162512809559370857e+06
2.175889572495632339e+06
2.189267970598039217e+06
2.202647988895422313e+06
2.216029612636131234e+06
2.229412827283634804e+06
2.242797618512134068e+06
2.256183972202380188e+06
2.269571874437531456e+06
2.282961311499139760e+06
2.296352269863242749e+06
2.309744736196567304e+06
2.323138697352776304e+06
2.336534140368873253e+06
2.349931052461656276e+06
2.363329421024261974e+06
2.376729233622817788e+06
2.390130477993132547e+06
2.403533142037530895e+06
2.416937213821686804e+06
2.430342681571618188e+06
2.443749533670652658e+06
2.457157758656573948e+06
2.470567345218747389e+06
2.483978282195365056e+06
2.497390558570727240e+06
2.510804163472604472e+06
2.524219086169655435e+06
2.537635316068890505e+06
2.551052842713223770e+06
2.564471655779042281e+06
2.577891745073871221e+06
2.591313100534051191e+06
2.604735712222496979e+06
2.618159570326491725e+06
2.631584665155537426e+06
2.645010987139277626e+06
2.658438526825367939e+06
2.671867274877541699e+06
2.685297222073587589e+06
2.698728359303452075e+06
2.712160677567332052e+06
2.725594167973851319e+06
2.739028821738242172e+06
2.752464630180566106e+06
2.765901584724026266e+06
2.779339676893220749e+06
2.792778898312529083e+06
2.806219240704456344e+06
2.819660695888065267e+06
2.833103255777420942e+06
2.846546912380038761e+06
2.859991657795421313e+06
2.873437484213587362e+06
2.886884383913632482e+06
2.900332349262323696e+06
2.913781372712721583e+06
2.927231446802858729e+06
2.940682564154388383e+06
2.954134717471289448e+06
2.967587899538606405e+06
2.981042103221212048e+06
2.994497321462587453e+06
3.007953547283606138e+06
3.021410773781350814e+06
3.034868994128035847e+06
3.048328201569777448e+06
3.061788389425558504e+06
3.075249551086124498e+06
3.088711680012912024e+06
3.102174769737006165e+06
3.115638813858117443e+06
3.129103806043568533e+06
3.142569740027323365e+06
3.156036609609015286e+06
3.169504408652972430e+06
3.182973131087324582e+06
3.196442770903043449e+06
3.209913322153089102e+06
3.223384778951488901e+06
3.236857135472489521e+06
3.250330385949716903e+06
3.263804524675298948e+06
3.277279545999090653e+06
3.290755444327861071e+06
3.304232214124467224e+06
3.317709849907113239e+06
3.331188346248587593e+06
3.344667697775478475e+06
3.358147899167466443e+06
3.371628945156594738e+06
3.385110826731001958e+06
3.398593546209862456e+06
3.412077094786640257e+06
3.425561467395782471e+06
3.439046659020671155e+06
3.452532664692926686e+06
3.466019479491817299e+06
3.479507098543621600e+06
3.492995517020985018e+06
3.506484730142325163e+06
3.519974733171198051e+06
3.533465521415804047e+06
3.546957090228293557e+06
3.560449435004285071e+06
3.573942551182247233e+06
3.587436434242973104e+06
3.600931079709051177e+06
3.614426483144293074e+06
3.627922640153253451e+06
3.641419546380694024e+06
3.654917197511050384e+06
3.668415589267983101e+06
3.681914717413838021e+06
3.695414577749222051e+06
3.708915166112467181e+06
3.722416478379169013e+06
3.735918510461783037e+06
3.749421258309091441e+06
3.762924717905836180e+06
3.776428885272189975e+06
3.789933756463430822e+06
3.803439327569411136e+06
3.816945594714228064e+06
3.830452554055731278e+06
3.843960201785175130e+06
3.857468534126780462e+06
3.870977547337403521e+06
3.884487237706056796e+06
3.897997601553565357e+06
3.911508635232244153e+06
3.925020335125434678e+06
3.938532697647233494e+06
3.952045719242052641e+06
3.965559396384283435e+06
3.979073725578000769e+06
3.992588703356577083e+06
4.006104326282311697e+06
4.019620590946182143e+06
4.033137493967415299e+06
4.046655031993271783e+06
4.060173201698597521e+06
4.073691999785661697e+06
4.087211422983719502e+06
4.100731468048733659e+06
4.114252131763161626e+06
4.127773410935512744e+06
4.141295302400199231e+06
4.154817803017135710e+06
4.168340909671523608e+06
4.181864619273543358e+06
4.195388928758092225e+06
4.208913835084483959e+06
4.222439335236240178e+06
4.235965426220711321e+06
4.249492105068966746e+06
4.263019368835424073e+06
4.276547214597622864e+06
4.290075639456008561e+06
4.303604640533654019e+06
4.317134214975986630e+06
4.330664359950649552e+06
4.344195072647128254e+06
4.357726350276646204e+06
4.371258190071851015e+06
4.384790589286592789e+06
4.398323545195758343e+06
4.411857055094975047e+06
4.425391116300461814e+06
4.438925726148749702e+06
4.452460881996547803e+06
4.465996581220423803e+06
4.479532821216703393e+06
4.493069599401184358e+06
4.506606913209045306e+06
4.520144760094487108e+06
4.533683137530699372e+06
4.547222043009535410e+06
4.560761474041406997e+06
4.574301428155065514e+06
4.587841902897435240e+06
4.601382895833353512e+06
4.614924404545516707e+06
4.628466426634204574e+06
4.642008959717107005e+06
4.655552001429215074e+06
4.669095549422587268e+06
4.682639601366185583e+06
4.696184154945764691e+06
4.709729207863637246e+06
4.723274757838528603e+06
4.736820802605437115e+06
4.750367339915462770e+06
4.763914367535655387e+06
4.777461883248808794e+06
4.791009884853431955e+06
4.804558370163424872e+06
4.818107337008077651e+06
4.831656783231847920e+06
4.845206706694240682e+06
4.858757105269630440e+06
4.872307976847170852e+06
4.885859319330611266e+06
4.899411130638175644e+06
4.912963408702428453e+06
4.926516151470099576e+06
4.940069356902025640e+06
4.953623022972944193e+06
4.967177147671423852e+06
4.980731728999672458e+06
4.994286764973467216e+06
5.007842253621968441e+06
5.021398192987669259e+06
5.034954581126210280e+06
5.048511416106276214e+06
5.062068696009484120e+06
5.075626418930246495e+06
5.089184582975709811e+06
5.102743186265547760e+06
5.116302226931886747e+06
5.129861703119248152e+06
5.143421612984361127e+06
5.156981954696034081e+06
5.170542726435181685e+06
5.184103926394552924e+06
5.197665552778711542e+06
5.211227603803906590e+06
5.224790077697993256e+06
5.238352972700292245e+06
5.251916287061504088e+06
5.265480019043634646e+06
5.279044166919861920e+06
5.292608728974419646e+06
5.306173703502538614e+06
5.319739088810350746e+06
5.333304883214753121e+06
5.346871085043371655e+06
5.360437692634436302e+06
5.374004704336637631e+06
5.387572118509147316e+06
5.401139933521415107e+06
5.414708147753178142e+06
5.428276759594310075e+06
5.441845767444727011e+06
5.455415169714336284e+06
5.468984964822944254e+06
5.482555151200168766e+06
5.496125727285330184e+06
5.509696691527427174e+06
5.523268042384996079e+06
5.536839778326036409e+06
5.550411897827961482e+06
5.563984399377527647e+06
5.577557281470682472e+06
5.591130542612611316e+06
5.604704181317503564e+06
5.618278196108615026e+06
5.631852585518111475e+06
5.645427348087053746e+06
5.659002482365257107e+06
5.672577986911247484e+06
5.686153860292231664e+06
5.699730101083979011e+06
5.713306707870737650e+06
5.726883679245214909e+06
5.740461013808470219e+06
5.754038710169836879e+06
5.767616766946922056e+06
5.781195182765478268e+06
5.794773956259331666e+06
5.808353086070366204e+06
5.821932570848409086e+06
5.835512409251200035e+06
5.849092599944312125e+06
5.862673141601085663e+06
5.876254032902620733e+06
5.889835272537587211e+06
5.903416859202330001e+06
5.916998791600651108e+06
5.930581068443883210e+06
5.944163688450697809e+06
5.957746650347208604e+06
5.971329952866763808e+06
5.984913594749968499e+06
5.998497574744584039e+06
6.012081891605555080e+06
6.025666544094818644e+06
6.039251530981385149e+06
6.052836851041210815e+06
6.066422503057138063e+06
6.080008485818877816e+06
6.093594798122956418e+06
6.107181438772588968e+06
6.120768406577769667e+06
6.134355700355065987e+06
6.147943318927654997e+06
6.161531261125286110e+06
6.175119525784178637e+06
6.188708111746981740e+06
6.202297017862773500e+06
6.215886242986956611e+06
6.229475785981223918e+06
6.243065645713537931e+06
6.256655821058067493e+06
6.270246310895099305e+06
6.283837114111081697e+06
6.297428229598488659e+06
6.311019656255858019e+06
6.324611392987657338e+06
6.338203438704282977e+06
6.351795792322051711e+06
6.365388452763151377e+06
6.378981418955463916e+06
6.392574689832715318e+06
6.406168264334344305e+06
6.419762141405430622e+06
6.433356319996666163e+06
6.446950799064411782e+06
6.460545577570482157e+06
6.474140654482262209e+06
6.487736028772613965e+06
6.501331699419796467e+06
6.514927665407434106e+06
6.528523925724581815e+06
6.542120479365543462e+06
6.555717325329902582e+06
6.569314462622490712e+06
6.582911890253358521e+06
6.596509607237693854e+06
6.610107612595793791e+06
6.623705905353072099e+06
6.637304484540003352e+06
6.650903349192037247e+06
6.664502498349633999e+06
6.678101931058192626e+06
6.691701646368027665e+06
6.705301643334329128e+06
6.718901921017114073e+06
