# d_m
# unit = Mpc
8.239806055791443214e+03
8.617393232958371300e+03
8.930833091643411535e+03
9.196400941611389499e+03
9.425134979843232941e+03
9.624816304956795648e+03
9.801106681498911712e+03
9.958236300966238559e+03
1.009943736051512860e+04
1.022722746053918672e+04
1.034360053709590466e+04
1.045015897906270402e+04
1.054820718973140174e+04
1.063881921310496364e+04
1.072288850980035568e+04
1.080116519381270155e+04
1.087428429848352607e+04
1.094278751787145666e+04
1.100714013127947692e+04
1.106774431209825161e+04
1.112494975652851099e+04
1.117906212243597838e+04
1.123034993809346270e+04
1.127905019979119243e+04
1.132537297713559019e+04
1.136950522220548919e+04
1.141161394024905348e+04
1.145184884463862363e+04
1.149034459236911243e+04
1.152722267622511754e+04
1.156259303423536949e+04
1.159655542501101081e+04
1.162920060817502599e+04
1.166061136170445752e+04
1.169086336215986739e+04
1.172002594911768756e+04
1.174816279138681421e+04
1.177533246958157179e+04
1.180158898718421187e+04
1.182698222024350798e+04
1.185155831423080963e+04
1.187536003523798172e+04
1.189842708159742688e+04
1.192079636108962586e+04
1.194250223814038691e+04
1.196357675477327211e+04
1.198404982854751870e+04
1.200394943026191504e+04
1.202330173130219191e+04
1.204213129618544008e+04
1.206046114238131304e+04
1.207831290353791701e+04
1.209570692521269666e+04
1.211266236181088061e+04
1.212919726475508833e+04
1.214532866280786402e+04
1.216107263535965649e+04
1.217644437939872660e+04
1.219145827079687115e+04
1.220612792047222138e+04
1.222046622592781387e+04
1.223448541860907790e+04
1.224819710747528916e+04
1.226161231913775009e+04
1.227474153487954754e+04
1.228759472483936224e+04
1.230018137961283719e+04
1.231251053949816924e+04
1.232459082159164791e+04
1.233643044491667206e+04
1.234803725375310205e+04
1.235941873931736882e+04
1.237058205992891999e+04
1.238153405978695082e+04
1.239228128646867845e+04
1.240283000725105558e+04
1.241318622434809731e+04
1.242335568914816395e+04
1.243334391552764282e+04
1.244315619231104938e+04
1.245279759494160317e+04
1.246227299642057187e+04
1.247158707756899821e+04
1.248074433666081859e+04
1.248974909847238450e+04
1.249860552278984142e+04
1.250731761241197273e+04
1.251588922068398278e+04
1.252432405859396567e+04
1.253262570146202597e+04
1.254079759524903056e+04
1.254884306251078669e+04
1.255676530802056186e+04
1.256456742408168793e+04
1.257225239555028929e+04
1.257982310458658685e+04
1.258728233515186730e+04
1.259463277726729939e+04
1.260187703104896173e+04
1.260901761053332484e+04
1.261605694730553660e+04
1.262299739394247445e+04
1.262984122728197326e+04
1.263659065152798939e+04
1.264324780120172909e+04
1.264981474394761426e+04
1.265629348320217650e+04
1.266268596073422304e+04
1.266899405906303582e+04
1.267521960376195057e+04
1.268136435279100988e+04
1.268743004929254312e+04
1.269341834861569077e+04
1.269933086950022698e+04
1.270516918374385023e+04
1.271093481793710998e+04
1.271662925512090442e+04
1.272225393637027082e+04
1.272781026230811403e+04
1.273329959455305288e+04
1.273872325710422047e+04
1.274408253766657981e+04
1.274937868891957260e+04
1.275461292973206946e+04
1.275978644632599571e+04
1.276490039339180112e+04
1.276995589515719257e+04
1.277495404641246205e+04
1.277989591349340662e+04
1.278478253522502018e+04
1.278961492382674805e+04
1.279439406578186208e+04
1.279912092267216212e+04
1.280379643198024860e+04
1.280842150785979902e+04
1.281299704187665338e+04
1.281752390372081209e+04
1.282200294189143824e+04
1.282643498435582114e+04
1.283082083918338139e+04
1.283516129515612374e+04
1.283945712235604879e+04
1.284370907273100056e+04
1.284791788063990498e+04
1.285208426337787932e+04
1.285620892168229329e+04
1.286029254022082932e+04
1.286433578806188234e+04
1.286833931912831395e+04
1.287230377263519040e+04
1.287622977351210648e+04
1.288011793281098289e+04
1.288396884809932089e+04
1.288778310384039469e+04
1.289156127176007431e+04
1.289530391120141758e+04
1.289901156946707852e+04
1.290268478215037248e+04
1.290632407345524916e+04
1.290992995650546618e+04
1.291350293364392019e+04
1.291704349672183707e+04
1.292055212737868715e+04
1.292402929731309086e+04
1.292747546854466600e+04
1.293089109366808952e+04
1.293427661609835559e+04
1.293763247030892853e+04
1.294095908206181957e+04
1.294425686863098053e+04
1.294752623901837615e+04
1.295076759416348796e+04
1.295398132714640269e+04
1.295716782338475787e+04
1.296032746082441554e+04
1.296346061012468454e+04
1.296656763483780742e+04
1.296964889158304322e+04
1.297270473021569524e+04
1.297573549399094554e+04
1.297874151972315303e+04
1.298172313794009460e+04
1.298468067303316639e+04
1.298761444340270282e+04
1.299052476159965045e+04
1.299341193446274883e+04
1.299627626325205529e+04
1.299911804377850967e+04
1.300193756652997945e+04
1.300473511679369221e+04
1.300751097477518306e+04
1.301026541571411508e+04
1.301299870999666200e+04
1.301571112326502589e+04
1.301840291652374253e+04
1.302107434624323469e+04
1.302372566446048768e+04
1.302635711887702928e+04
1.302896895295442300e+04
1.303156140600670551e+04
1.303413471329109598e+04
1.303668910609567683e+04
1.303922481182515367e+04
1.304174205408411217e+04
1.304424105275831971e+04
1.304672202409375132e+04
1.304918518077355475e+04
1.305163073199332757e+04
1.305405888353398586e+04
1.305646983783323412e+04
1.305886379405489424e+04
1.306124094815668650e+04
1.306360149295624615e+04
1.306594561819534829e+04
1.306827351060279398e+04
1.307058535395554645e+04
1.307288132913839763e+04
1.307516161420216304e+04
1.307742638442045427e+04
1.307967581234521276e+04
1.308191006786061735e+04
1.308412931823584586e+04
1.308633372817659438e+04
1.308852345987535955e+04
1.309069867306049127e+04
1.309285952504398847e+04
1.309500617076821618e+04
1.309713876285187143e+04
1.309925745163412648e+04
1.310136238521847736e+04
1.310345370951520999e+04
1.310553156828289139e+04
1.310759610316899489e+04
1.310964745374954691e+04
1.311168575756785503e+04
1.311371115017243937e+04
1.311572376515403448e+04
1.311772373418165807e+04
1.311971118703814500e+04
1.312168625165452977e+04
1.312364905414403256e+04
1.312559971883495746e+04
1.312753836830307591e+04
1.312946512340328445e+04
1.313138010330033649e+04
1.313328342549927947e+04
1.313517520587498984e+04
1.313705555870096578e+04
1.313892459667780713e+04
1.314078243096089864e+04
1.314262917118738733e+04
1.314446492550284165e+04
1.314628980058718116e+04
1.314810388693778623e+04
1.314990731750769010e+04
1.315170018033703491e+04
1.315348257649188781e+04
1.315525460569455572e+04
1.315701636634627903e+04
1.315876795554979799e+04
1.316050946913128973e+04
1.316224100166171229e+04
1.316396264647792668e+04
1.316567449570316421e+04
1.316737664026757557e+04
1.316906916992757579e+04
1.317075217328556027e+04
1.317242573780866587e+04
1.317408994984750098e+04
1.317574489465441366e+04
1.317739065640122863e+04
1.317902731819693872e+04
1.318065496210480342e+04
1.318227366915909442e+04
1.318388351938179039e+04
1.318548459179858946e+04
1.318707696445498914e+04
1.318866071443164401e+04
1.319023591785964163e+04
1.319180264993567471e+04
1.319336098493645659e+04
1.319491099623338232e+04
1.319645275630635479e+04
1.319798633675801102e+04
1.319951180832694990e+04
1.320102924090139095e+04
1.320253870353197271e+04
1.320404026444481678e+04
1.320553399105398785e+04
1.320701994997408110e+04
1.320849820703205296e+04
1.320996882727926459e+04
1.321143187500335807e+04
1.321288741373942867e+04
1.321433550628160810e+04
1.321577621469386213e+04
1.321720960032091170e+04
1.321863572379908692e+04
1.322005464506664430e+04
1.322146642337396588e+04
1.322287111729393109e+04
1.322426878473150646e+04
1.322565948293385372e+04
1.322704326849947211e+04
1.322842019738808813e+04
1.322979032492949955e+04
1.323115370583271579e+04
1.323251039419516746e+04
1.323386044351098826e+04
1.323520390668008622e+04
1.323654083601623461e+04
1.323787128325560116e+04
1.323919529956483166e+04
1.324051293554911354e+04
1.324182424125997568e+04
1.324312926620323742e+04
1.324442805934624994e+04
1.324572066912588707e+04
1.324700714345552842e+04
1.324828752973241353e+04
1.324956187484483235e+04
1.325083022517905556e+04
1.325209262662610672e+04
1.325334912458884173e+04
1.325459976398818617e+04
1.325584458927008018e+04
1.325708364441164122e+04
1.325831697292753051e+04
1.325954461787633227e+04
1.326076662186647263e+04
1.326198302706242794e+04
1.326319387519047996e+04
1.326439920754475315e+04
1.326559906499264434e+04
1.326679348798075807e+04
1.326798251654023443e+04
1.326916619029250978e+04
1.327034454845425171e+04
1.327151762984309244e+04
1.327268547288247282e+04
1.327384811560699382e+04
1.327500559566737866e+04
1.327615795033549148e+04
1.327730521650898481e+04
1.327844743071649100e+04
1.327958462912206414e+04
1.328071684752984584e+04
1.328184412138883636e+04
1.328296648579723842e+04
1.328408397550690825e+04
1.328519662492790303e+04
1.328630446813258095e+04
1.328740753885989761e+04
1.328850587051965886e+04
1.328959949619656618e+04
1.329068844865432220e+04
1.329177276033945054e+04
1.329285246338558318e+04
1.329392758961684558e+04
1.329499817055208950e+04
1.329606423740842547e+04
1.329712582110500261e+04
1.329818295226655391e+04
1.329923566122712691e+04
1.330028397803351254e+04
1.330132793244875756e+04
1.330236755395561886e+04
1.330340287175982849e+04
1.330443391479363891e+04
1.330546071171889344e+04
1.330648329093043867e+04
1.330750168055913309e+04
1.330851590847514490e+04
1.330952600229088603e+04
1.331053198936426634e+04
1.331153389680152759e+04
1.331253175146026479e+04
1.331352557995235293e+04
1.331451540864679919e+04
1.331550126367271150e+04
1.331648317092185971e+04
1.331746115605155501e+04
1.331843524448749486e+04
1.331940546142624953e+04
1.332037183183787783e+04
1.332133438046885567e+04
1.332229313184424973e+04
1.332324811027045871e+04
1.332419933983765804e+04
1.332514684442232283e+04
1.332609064768956705e+04
1.332703077309557557e+04
1.332796724389003248e+04
1.332890008311837119e+04
1.332982931362402633e+04
1.333075495805079481e+04
1.333167703884507500e+04
1.333259557825796946e+04
1.333351059834760235e+04
1.333442212098118580e+04
1.333533016783701169e+04
1.333623476040681999e+04
1.333713591999756682e+04
1.333803366773371454e+04
1.333892802455906167e+04
1.333981901123872922e+04
1.334070664836117612e+04
1.334159095634012556e+04
1.334247195541643850e+04
1.334334966565994182e+04
1.334422410697141459e+04
1.334509529908426703e+04
1.334596326156636133e+04
1.334682801382186699e+04
1.334768957509302527e+04
1.334854796446171167e+04
1.334940320085144594e+04
1.335025530302868719e+04
1.335110428960484569e+04
1.335195017903772350e+04
1.335279298963327710e+04
1.335363273954706892e+04
1.335446944678590262e+04
1.335530312920948745e+04
1.335613380453187710e+04
1.335696149032294670e+04
1.335778620401001717e+04
1.335860796287924677e+04
1.335942678407707535e+04
1.336024268461181964e+04
1.336105568135496105e+04
1.336186579104254633e+04
1.336267303027668277e+04
1.336347741552680782e+04
1.336427896313111341e+04
1.336507768929785198e+04
1.336587361010666245e+04
1.336666674150998733e+04
1.336745709933407488e+04
1.336824469928063809e+04
1.336902955692774594e+04
1.336981168773137506e+04
1.337059110702633552e+04
1.337136783002784978e+04
1.337214187183241120e+04
1.337291324741915378e+04
1.337368197165091260e+04
1.337444805927557172e+04
1.337521152492690271e+04
1.337597238312599075e+04
1.337673064828219503e+04
1.337748633469422566e+04
1.337823945655131865e+04
1.337899002793430009e+04
1.337973806281649559e+04
1.338048357506507818e+04
1.338122657844178138e+04
1.338196708660409786e+04
1.338270511310633083e+04
1.338344067140047446e+04
1.338417377483721975e+04
1.338490443666704050e+04
1.338563267004103727e+04
1.338635848801191241e+04
1.338708190353497957e+04
1.338780292946905320e+04
1.338852157857728344e+04
1.338923786352825664e+04
1.338995179689670294e+04
1.339066339116456220e+04
1.339137265872166972e+04
1.339207961186672219e+04
1.339278426280821441e+04
1.339348662366525969e+04
1.339418670646816645e+04
1.339488452315965878e+04
1.339558008559551672e+04
1.339627340554532384e+04
1.339696449469329309e+04
1.339765336463925996e+04
1.339834002689910994e+04
1.339902449290587720e+04
1.339970677401039575e+04
1.340038688148197798e+04
1.340106482650917314e+04
1.340174062020072597e+04
1.340241427358601868e+04
1.340308579761592773e+04
1.340375520316355687e+04
1.340442250102496109e+04
1.340508770191975782e+04
1.340575081649183448e+04
1.340641185531012161e+04
1.340707082886923490e+04
1.340772774759003551e+04
1.340838262182044491e+04
1.340903546183601793e+04
1.340968627784062301e+04
1.341033507996705885e+04
1.341098187827767288e+04
