# h
# unit = 1.0/Mpc
2.373891311624646595e-03
2.892859983483135437e-03
3.445715008162500859e-03
4.030439021432404706e-03
4.645357489367173652e-03
5.289047993659003015e-03
5.960280841323765087e-03
6.657978084615531755e-03
7.381184070273679072e-03
8.129043580058611246e-03
8.900785175141621292e-03
9.695708227311201910e-03
1.051317263481267236e-02
1.135259053883206672e-02
1.221341956071455778e-02
1.309515721510979766e-02
1.399733624615178730e-02
1.491952069781995668e-02
1.586130257518660047e-02
1.682229898627128628e-02
1.780214967854612876e-02
1.880051490232154468e-02
1.981707354702214388e-02
2.085152150693039830e-02
2.190357024117085480e-02
2.297294549912686293e-02
2.405938618755703445e-02
2.516264335972586905e-02
2.628247931011577429e-02
2.741866676092212865e-02
2.857098812868062374e-02
2.973923486113844855e-02
3.092320683593580144e-02
3.212271181387219704e-02
3.333756494054015279e-02
3.456758829095440966e-02
3.581261045251773328e-02
3.707246614226786252e-02
3.834699585486283507e-02
3.963604553820022219e-02
4.093946629394084463e-02
4.225711410053045736e-02
4.358884955659120264e-02
4.493453764279599361e-02
4.629404750054830209e-02
4.766725222597271300e-02
4.905402867788048044e-02
5.045425729851452795e-02
5.186782194600111223e-02
5.329460973754326231e-02
5.473451090248641210e-02
5.618741864447202722e-02
5.765322901196861388e-02
5.913184077653763776e-02
6.062315531824976483e-02
6.212707651772109152e-02
6.364351065428554277e-02
6.517236630986289470e-02
6.671355427811873073e-02
6.826698747854863247e-02
6.983258087514844503e-02
7.141025139936074684e-02
7.299991787701338997e-02
7.460150095898762657e-02
7.621492305537545808e-02
7.784010827290321899e-02
7.947698235541660050e-02
8.112547262723698860e-02
8.278550793921418682e-02
8.445701861731221005e-02
8.613993641357760300e-02
8.783419445935086722e-02
8.953972722058993472e-02
9.125647045518577027e-02
9.298436117215687358e-02
9.472333759261769570e-02
9.647333911242374216e-02
9.823430626640160257e-02
1.000061806940782672e-01
1.017889051068309181e-01
1.035824232563814923e-01
1.053866799045665714e-01
1.072016207943174981e-01
1.090271926217882548e-01
1.108633430095743166e-01
1.127100204809679956e-01
1.145671744351990096e-01
1.164347551236130374e-01
1.183127136267425467e-01
1.202010018322276219e-01
1.220995724135470473e-01
1.240083788095215078e-01
1.259273752045533268e-01
1.278565165095693901e-01
1.297957583436353535e-01
1.317450570162105872e-01
1.337043695100165186e-01
1.356736534644902292e-01
1.376528671597989639e-01
1.396419695013906004e-01
1.416409200050575967e-01
1.436496787824927124e-01
1.456682065273159077e-01
1.476964645015525213e-01
1.497344145225450729e-01
1.517820189502798178e-01
1.538392406751125652e-01
1.559060431058764129e-01
1.579823901583580770e-01
1.600682462441259113e-01
1.621635762596988772e-01
1.642683455760400313e-01
1.663825200283648997e-01
1.685060659062514454e-01
1.706389499440397473e-01
1.727811393115122052e-01
1.749326016048425303e-01
1.770933048378037222e-01
1.792632174332264017e-01
1.814423082146979505e-01
1.836305463984934105e-01
1.858279015857309258e-01
1.880343437547423724e-01
1.902498432536532946e-01
1.924743707931636794e-01
1.947078974395226036e-01
1.969503946076910372e-01
1.992018340546859445e-01
2.014621878730986360e-01
2.037314284847832058e-01
2.060095286347085330e-01
2.082964613849681013e-01
2.105922001089426399e-01
2.128967184856119244e-01
2.152099904940088793e-01
2.175319904078122368e-01
2.198626927900743655e-01
2.222020724880784670e-01
2.245501046283216728e-01
2.269067646116202930e-01
2.292720281083338862e-01
2.316458710537026289e-01
2.340282696432969545e-01
2.364192003285743304e-01
2.388186398125407561e-01
2.412265650455135135e-01
2.436429532209819782e-01
2.460677817715646865e-01
2.485010283650578022e-01
2.509426709005745937e-01
2.533926875047717853e-01
2.558510565281605920e-01
2.583177565415000765e-01
2.607927663322714418e-01
2.632760649012284015e-01
2.657676314590247113e-01
2.682674454229144190e-01
2.707754864135238360e-01
2.732917342516924530e-01
2.758161689553823015e-01
2.783487707366519293e-01
2.808895199986953806e-01
2.834383973329430151e-01
2.859953835162222235e-01
2.885604595079780954e-01
2.911336064475510965e-01
2.937148056515103134e-01
2.963040386110411539e-01
2.989012869893868385e-01
3.015065326193406836e-01
3.041197575007885123e-01
3.067409437983009690e-01
3.093700738387730742e-01
3.120071301091104643e-01
3.146520952539604288e-01
3.173049520734885220e-01
3.199656835211970307e-01
3.226342727017860179e-01
3.253107028690559455e-01
3.279949574238492094e-01
3.306870199120320319e-01
3.333868740225134908e-01
3.360945035853019069e-01
3.388098925695986474e-01
3.415330250819254565e-01
3.442638853642880914e-01
3.470024577923729869e-01
3.497487268737775046e-01
3.525026772462709346e-01
3.552642936760893599e-01
3.580335610562588311e-01
3.608104644049505705e-01
3.635949888638640992e-01
3.663871196966407284e-01
3.691868422873024747e-01
3.719941421387215064e-01
3.748090048711139599e-01
3.776314162205612890e-01
3.804613620375567051e-01
3.832988282855769868e-01
3.861438010396783804e-01
3.889962664851169816e-01
3.918562109159922091e-01
3.947236207339130387e-01
3.975984824466879952e-01
4.004807826670345738e-01
4.033705081113132529e-01
4.062676455982797141e-01
4.091721820478599336e-01
4.120841044799440356e-01
4.150034000131996859e-01
4.179300558639067464e-01
4.208640593448085276e-01
4.238053978639830244e-01
4.267540589237314719e-01
4.297100301194859417e-01
4.326732991387322591e-01
4.356438537599525151e-01
4.386216818515822902e-01
4.416067713709851961e-01
4.445991103634427954e-01
4.475986869611621732e-01
4.506054893822954988e-01
4.536195059299787391e-01
4.566407249913810862e-01
4.596691350367733686e-01
4.627047246186062890e-01
4.657474823706053701e-01
4.687973970068798346e-01
4.718544573210424198e-01
4.749186521853451248e-01
4.779899705498265594e-01
4.810684014414715604e-01
4.841539339633841310e-01
4.872465572939732037e-01
4.903462606861472839e-01
4.934530334665254703e-01
4.965668650346559687e-01
4.996877448622477624e-01
5.028156624924139395e-01
5.059506075389241797e-01
5.090925696854688987e-01
5.122415386849349384e-01
5.153975043586898064e-01
5.185604565958765733e-01
5.217303853527192059e-01
5.249072806518371159e-01
5.280911325815706991e-01
5.312819312953137585e-01
5.344796670108565850e-01
5.376843300097399192e-01
5.408959106366144631e-01
5.441143992986104960e-01
5.473397864647178146e-01
5.505720626651722238e-01
5.538112184908499103e-01
5.570572445926720295e-01
5.603101316810160659e-01
5.635698705251344087e-01
5.668364519525836975e-01
5.701098668486560550e-01
5.733901061558254186e-01
5.766771608731946497e-01
5.799710220559531892e-01
5.832716808148418197e-01
5.865791283156225333e-01
5.898933557785572823e-01
5.932143544778932798e-01
5.965421157413537401e-01
5.998766309496356142e-01
6.032178915359147631e-01
6.065658889853569047e-01
6.099206148346331124e-01
6.132820606714459721e-01
6.166502181340558497e-01
6.200250789108174843e-01
6.234066347397209107e-01
6.267948774079379337e-01
6.301897987513751520e-01
6.335913906542315344e-01
6.369996450485618800e-01
6.404145539138459409e-01
6.438361092765629845e-01
6.472643032097700200e-01
6.506991278326874628e-01
6.541405753102889076e-01
6.575886378528953413e-01
6.610433077157743531e-01
6.645045771987456718e-01
6.679724386457887020e-01
6.714468844446577211e-01
6.749279070264998515e-01
6.784154988654784724e-01
6.819096524783996305e-01
6.854103604243452219e-01
6.889176153043086170e-01
6.924314097608347263e-01
6.959517364776656168e-01
6.994785881793892379e-01
7.030119576310916996e-01
7.065518376380149901e-01
7.100982210452175813e-01
7.136511007372396964e-01
7.172104696377709088e-01
7.207763207093250690e-01
7.243486469529133442e-01
7.279274414077271382e-01
7.315126971508199016e-01
7.351044072967948262e-01
7.387025649974956476e-01
7.423071634417004461e-01
7.459181958548202207e-01
7.495356554985985742e-01
7.531595356708167266e-01
7.567898297050018597e-01
7.604265309701357944e-01
7.640696328703712181e-01
7.677191288447483553e-01
7.713750123669141923e-01
7.750372769448476973e-01
7.787059161205834856e-01
7.823809234699443671e-01
7.860622926022711177e-01
7.897500171601590235e-01
7.934440908191949804e-01
7.971445072876994775e-01
8.008512603064688040e-01
8.045643436485225841e-01
8.082837511188525337e-01
8.120094765541742143e-01
8.157415138226802309e-01
8.194798568237995351e-01
8.232244994879547306e-01
8.269754357763251518e-01
8.307326596806116070e-01
8.344961652228021221e-01
8.382659464549433448e-01
8.420419974589100631e-01
8.458243123461813839e-01
8.496128852576152468e-01
8.534077103632300432e-01
8.572087818619814614e-01
8.610160939815509895e-01
8.648296409781268679e-01
8.686494171361941463e-01
8.724754167683237416e-01
8.763076342149652698e-01
8.801460638442395457e-01
8.839907000517372992e-01
8.878415372603136735e-01
8.916985699198923809e-01
8.955617925072648644e-01
8.994311995258956749e-01
9.033067855057296258e-01
9.071885450029982811e-01
9.110764726000289970e-01
9.149705629050602917e-01
9.188708105520516645e-01
9.227772102005012966e-01
9.266897565352626431e-01
9.306084442663633549e-01
9.345332681288269772e-01
9.384642228824938703e-01
9.424013033118470162e-01
9.463445042258367135e-01
9.502938204577097148e-01
9.542492468648364756e-01
9.582107783285448432e-01
9.621784097539491931e-01
9.661521360697876704e-01
9.701319522282553232e-01
9.741178532048428984e-01
9.781098339981763035e-01
9.821078896298541805e-01
9.861120151442919202e-01
9.901222056085650092e-01
9.941384561122525998e-01
9.981607617672835220e-01
1.002189117707785515e+00
1.006223519089933349e+00
1.010263961091798723e+00
1.014310438913202495e+00
1.018362947775568239e+00
1.022421482921775704e+00
1.026486039616018919e+00
1.030556613143659428e+00
1.034633198811090171e+00
1.038715791945588496e+00
1.042804387895183593e+00
1.046898982028515279e+00
1.050999569734697658e+00
1.055106146423184565e+00
1.059218707523635894e+00
1.063337248485784370e+00
1.067461764779302769e+00
1.071592251893674685e+00
1.075728705338065527e+00
1.079871120641192839e+00
1.084019493351201069e+00
1.088173819035534784e+00
1.092334093280811880e+00
1.096500311692704122e+00
1.100672469895809691e+00
1.104850563533536167e+00
1.109034588267977073e+00
1.113224539779792632e+00
1.117420413768093201e+00
1.121622205950318696e+00
1.125829912062125571e+00
1.130043527857269137e+00
1.134263049107491206e+00
1.138488471602402852e+00
1.142719791149377384e+00
1.146957003573434219e+00
1.151200104717130968e+00
1.155449090440451743e+00
1.159703956620701026e+00
1.163964699152394644e+00
1.168231313947151628e+00
1.172503796933591191e+00
1.176782144057223700e+00
1.181066351280351423e+00
1.185356414581960394e+00
1.189652329957622934e+00
1.193954093419389073e+00
1.198261700995693957e+00
1.202575148731251931e+00
1.206894432686960172e+00
1.211219548939798774e+00
1.215550493582736813e+00
1.219887262724629995e+00
1.224229852490129611e+00
1.228578259019585950e+00
1.232932478468952153e+00
1.237292507009694287e+00
1.241658340828695417e+00
1.246029976128165018e+00
1.250407409125547709e+00
1.254790636053430886e+00
1.259179653159457457e+00
1.263574456706237026e+00
1.267975042971253297e+00
1.272381408246781476e+00
1.276793548839797010e+00
1.281211461071893876e+00
1.285635141279193538e+00
1.290064585812264797e+00
1.294499791036036962e+00
1.298940753329716147e+00
1.303387469086705552e+00
1.307839934714517094e+00
1.312298146634695906e+00
1.316762101282735964e+00
1.321231795108001039e+00
1.325707224573643428e+00
1.330188386156527125e+00
1.334675276347146333e+00
1.339167891649551745e+00
1.343666228581268163e+00
1.348170283673221004e+00
1.352680053469661026e+00
1.357195534528086611e+00
1.361716723419169384e+00
1.366243616726678489e+00
1.370776211047411319e+00
1.375314502991114241e+00
1.379858489180415537e+00
1.384408166250747696e+00
1.388963530850282124e+00
1.393524579639851657e+00
1.398091309292884166e+00
1.402663716495331725e+00
1.407241797945600892e+00
1.411825550354484093e+00
1.416414970445090127e+00
1.421010054952776436e+00
1.425610800625083607e+00
1.430217204221666538e+00
1.434829262514227821e+00
1.439446972286454018e+00
1.444070330333947716e+00
1.448699333464163796e+00
1.453333978496345047e+00
1.457974262261457543e+00
1.462620181602126923e+00
1.467271733372577325e+00
1.471928914438566771e+00
1.476591721677324553e+00
1.481260151977491279e+00
1.485934202239057145e+00
1.490613869373299982e+00
1.495299150302725977e+00
1.499990041961010601e+00
1.504686541292936441e+00
1.509388645254336581e+00
1.514096350812034864e+00
1.518809654943786613e+00
1.523528554638224675e+00
1.528253046894795908e+00
1.532983128723711008e+00
