# mu
4.880197082684333054e+01
4.918689401339710798e+01
4.951842207977963994e+01
4.980938617829608006e+01
5.006850848872146287e+01
5.030198388149026556e+01
5.051436820619736068e+01
5.070910831398119711e+01
5.088887411685647066e+01
5.105577519691483701e+01
5.121150694803031911e+01
5.135745205956092718e+01
5.149475275929158613e+01
5.162436336543700577e+01
5.174708924893412387e+01
5.186361621146279077e+01
5.197453297273503381e+01
5.208034861757859346e+01
5.218150629880770452e+01
5.227839411721335949e+01
5.237135385933434861e+01
5.246068805475270835e+01
5.254666575496870706e+01
5.262952728227028842e+01
5.270948816799678838e+01
5.278674243951636669e+01
5.286146538087304947e+01
5.293381586497945790e+01
5.300393833465328441e+01
5.307196449401454430e+01
5.313801475955518328e+01
5.320219951067674913e+01
5.326462017201681931e+01
5.332537015397178948e+01
5.338453567311427150e+01
5.344219647042970678e+01
5.349842644225418553e+01
5.355329419632901988e+01
5.360686354337704529e+01
5.365919393295844486e+01
5.371034084100836026e+01
5.376035611533680481e+01
5.380928828444012879e+01
5.385718283419652153e+01
5.390408245636702134e+01
5.395002727227659989e+01
5.399505503458848921e+01
5.403920130969367364e+01
5.408249964064413717e+01
5.412498170581107360e+01
5.416667744245468441e+01
5.420761517906224469e+01
5.424782174658546552e+01
5.428732258191050875e+01
5.432614182255781543e+01
5.436430239348772631e+01
5.440182608678784959e+01
5.443873363493042916e+01
5.447504477821180302e+01
5.451077832691907332e+01
5.454595221871052502e+01
5.458058357164482288e+01
5.461468873324842832e+01
5.464828332597109295e+01
5.468138228934316203e+01
5.471399991911760452e+01
5.474614990365175515e+01
5.477784535775850117e+01
5.480909885423540828e+01
5.483992245325980974e+01
5.487032772982087181e+01
5.490032579934364776e+01
5.492992734164604940e+01
5.495914262335716671e+01
5.498798151891383412e+01
5.501645353024221663e+01
5.504456780522182413e+01
5.507233315502124782e+01
5.509975807038721030e+01
5.512685073696177085e+01
5.515361904969645224e+01
5.518007062642622884e+01
5.520621282066151991e+01
5.523205273365156387e+01
5.525759722576829347e+01
5.528285292725618660e+01
5.530782624838977313e+01
5.533252338907779233e+01
5.535695034794940739e+01
5.538111293095595045e+01
5.540501675951848881e+01
5.542866727824993234e+01
5.545206976227791529e+01
5.547522932419301611e+01
5.549815092064488198e+01
5.552083935860771646e+01
5.554329930133453530e+01
5.556553527401872827e+01
5.558755166917988078e+01
5.560935275178988491e+01
5.563094266415417621e+01
5.565232543056193038e+01
5.567350496171840746e+01
5.569448505897122459e+01
5.571526941834230229e+01
5.573586163437586549e+01
5.575626520381248952e+01
5.577648352909869800e+01
5.579651992174058961e+01
5.581637760551004135e+01
5.583605971730847273e+01
5.585556931878365106e+01
5.587490938629677828e+01
5.589408282205236134e+01
5.591309245459186172e+01
5.593194104126102673e+01
5.595063127057501617e+01
5.596916576448619196e+01
5.598754708055938067e+01
5.600577771405920657e+01
5.602386009995342420e+01
5.604179661483672703e+01
5.605958957877830784e+01
5.607724125709712837e+01
5.609475386206803904e+01
5.611212955456213081e+01
5.612937044562411870e+01
5.614647859798987639e+01
5.616345602754660149e+01
5.618030470473838989e+01
5.619702655591947860e+01
5.621362346465756588e+01
5.623009727298942551e+01
5.624644978263078343e+01
5.626268275614258840e+01
5.627879791805538900e+01
5.629479695595373556e+01
5.631068152152224826e+01
5.632645323155493600e+01
5.634211366892936468e+01
5.635766438354711738e+01
5.637310689324185375e+01
5.638844268465640397e+01
5.640367321409016199e+01
5.641879990831783687e+01
5.643382416538086233e+01
5.644874735535248078e+01
5.646357082107758174e+01
5.647829587888821834e+01
5.649292381929585360e+01
5.650745590766115356e+01
5.652189338484225800e+01
5.653623746782222526e+01
5.655048935031672386e+01
5.656465020336234772e+01
5.657872117588659222e+01
5.659270339526000981e+01
5.660659796783125586e+01
5.662040597944569242e+01
5.663412849594804044e+01
5.664776656366983332e+01
5.666132120990204157e+01
5.667479344335356473e+01
5.668818425459596000e+01
5.670149461649496914e+01
5.671472548462937624e+01
5.672787779769743111e+01
5.674095247791156282e+01
5.675395043138146178e+01
5.676687254848633302e+01
5.677971970423624271e+01
5.679249275862330393e+01
5.680519255696283665e+01
5.681781993022497090e+01
5.683037569535679978e+01
5.684286065559577139e+01
5.685527560077417775e+01
5.686762130761536582e+01
5.687989854002177026e+01
5.689210804935511590e+01
5.690425057470898196e+01
5.691632684317405477e+01
5.692833757009623241e+01
5.694028345932778024e+01
5.695216520347194944e+01
5.696398348412100177e+01
5.697573897208804539e+01
5.698743232763276012e+01
5.699906420068131752e+01
5.701063523104056685e+01
5.702214604860667180e+01
5.703359727356849618e+01
5.704498951660569617e+01
5.705632337908188845e+01
5.706759945323285166e+01
5.707881832235011643e+01
5.708998056095982321e+01
5.710108673499726706e+01
5.711213740197710109e+01
5.712313311115921266e+01
5.713407440371074841e+01
5.714496181286405374e+01
5.715579586407081081e+01
5.716657707515244624e+01
5.717730595644695057e+01
5.718798301095220893e+01
5.719860873446580740e+01
5.720918361572169886e+01
5.721970813652346521e+01
5.723018277187462388e+01
5.724060799010575096e+01
5.725098425299874094e+01
5.726131201590816033e+01
5.727159172787975905e+01
5.728182383176636705e+01
5.729200876434106959e+01
5.730214695640781741e+01
5.731223883290952870e+01
5.732228481303384626e+01
5.733228531031635811e+01
5.734224073274171474e+01
5.735215148284229514e+01
5.736201795779483348e+01
5.737184054951490708e+01
5.738161964474926435e+01
5.739135562516621292e+01
5.740104886744401824e+01
5.741069974335742643e+01
5.742030861986221879e+01
5.742987585917808957e+01
5.743940181886964780e+01
5.744888685192574940e+01
5.745833130683713108e+01
5.746773552767238158e+01
5.747709985415236389e+01
5.748642462172308853e+01
5.749571016162696679e+01
5.750495680097273521e+01
5.751416486280378848e+01
5.752333466616521918e+01
5.753246652616943635e+01
5.754156075406041992e+01
5.755061765727672451e+01
5.755963753951317585e+01
5.756862070078129534e+01
5.757756743746859485e+01
5.758647804239658541e+01
5.759535280487770592e+01
5.760419201077108653e+01
5.761299594253720358e+01
5.762176487929148294e+01
5.763049909685685179e+01
5.763919886781521740e+01
5.764786445912326940e+01
5.765649614184255256e+01
5.766509417675374749e+01
5.767365882397019305e+01
5.768219034060722095e+01
5.769068898082797858e+01
5.769915499588838514e+01
5.770758863418129181e+01
5.771599014127970406e+01
5.772435975997927216e+01
5.773269773033993602e+01
5.774100428972686672e+01
5.774927967285056241e+01
5.775752411180621948e+01
5.776573783611244295e+01
5.777392107274913968e+01
5.778207404619482190e+01
5.779019697846312908e+01
5.779829008913879562e+01
5.780635359541286533e+01
5.781438771211730199e+01
5.782239265175903142e+01
5.783036862455329441e+01
5.783831583845645952e+01
5.784623449919821070e+01
5.785412481031316645e+01
5.786198697317202999e+01
5.786982118701202182e+01
5.787762764896694279e+01
5.788540655409660474e+01
5.789315809541579938e+01
5.790088246392275551e+01
5.790857984862709174e+01
5.791625043657727190e+01
5.792389441288763408e+01
5.793151196076492226e+01
5.793910326153439172e+01
5.794666849466541692e+01
5.795420783779670870e+01
5.796172146676114068e+01
5.796920955561003552e+01
5.797667227663721690e+01
5.798410980040245732e+01
5.799152229575472717e+01
5.799890992985493199e+01
5.800627286819830886e+01
5.801361127463646739e+01
5.802092531139906839e+01
5.802821513911507623e+01
5.803548091683381216e+01
5.804272280204548906e+01
5.804994095070156135e+01
5.805713551723463439e+01
5.806430665457812523e+01
5.807145451418558224e+01
5.807857924604966371e+01
5.808568099872091040e+01
5.809275991932604910e+01
5.809981615358621099e+01
5.810684984583468804e+01
5.811386113903451900e+01
5.812085017479573423e+01
5.812781709339236613e+01
5.813476203377917528e+01
5.814168513360812796e+01
5.814858652924461779e+01
5.815546635578340329e+01
5.816232474706437472e+01
5.816916183568797294e+01
5.817597775303045182e+01
5.818277262925890625e+01
5.818954659334602297e+01
5.819629977308461832e+01
5.820303229510201248e+01
5.820974428487407693e+01
5.821643586673921078e+01
5.822310716391197616e+01
5.822975829849661977e+01
5.823638939150032456e+01
5.824300056284634053e+01
5.824959193138682423e+01
5.825616361491557171e+01
5.826271573018053829e+01
5.826924839289616642e+01
5.827576171775550051e+01
5.828225581844221637e+01
5.828873080764235937e+01
5.829518679705600448e+01
5.830162389740870310e+01
5.830804221846278068e+01
5.831444186902842830e+01
5.832082295697473739e+01
5.832718558924043606e+01
5.833352987184458982e+01
5.833985590989709635e+01
5.834616380760903098e+01
5.835245366830285008e+01
5.835872559442248075e+01
5.836497968754321874e+01
5.837121604838149835e+01
5.837743477680456294e+01
5.838363597183995068e+01
5.838981973168490924e+01
5.839598615371557599e+01
5.840213533449618666e+01
5.840826736978795708e+01
5.841438235455805028e+01
5.842048038298826640e+01
5.842656154848369709e+01
5.843262594368118812e+01
5.843867366045779477e+01
5.844470478993902418e+01
5.845071942250697106e+01
5.845671764780844626e+01
5.846269955476284252e+01
5.846866523157003570e+01
5.847461476571809413e+01
5.848054824399090279e+01
5.848646575247568791e+01
5.849236737657047769e+01
5.849825320099138537e+01
5.850412330977989228e+01
5.850997778630991775e+01
5.851581671329495293e+01
5.852164017279491048e+01
5.852744824622305231e+01
5.853324101435275395e+01
5.853901855732415527e+01
5.854478095465075427e+01
5.855052828522596542e+01
5.855626062732950032e+01
5.856197805863368444e+01
5.856768065620980224e+01
5.857336849653420074e+01
5.857904165549440734e+01
5.858470020839517645e+01
5.859034422996440838e+01
5.859597379435903264e+01
5.860158897517079879e+01
5.860718984543200349e+01
5.861277647762113929e+01
5.861834894366846527e+01
5.862390731496152085e+01
5.862945166235058281e+01
5.863498205615400138e+01
5.864049856616354361e+01
5.864600126164961580e+01
5.865149021136642205e+01
5.865696548355710149e+01
5.866242714595875896e+01
5.866787526580746714e+01
5.867330990984316230e+01
5.867873114431453985e+01
5.868413903498382922e+01
5.868953364713155452e+01
5.869491504556123829e+01
5.870028329460399874e+01
5.870563845812315407e+01
5.871098059951873438e+01
5.871630978173191551e+01
5.872162606724948120e+01
5.872692951810817874e+01
5.873222019589895382e+01
5.873749816177132743e+01
5.874276347643746732e+01
5.874801620017645831e+01
5.875325639283832402e+01
5.875848411384814796e+01
5.876369942221003129e+01
5.876890237651109317e+01
5.877409303492534320e+01
5.877927145521762498e+01
5.878443769474736058e+01
5.878959181047238047e+01
5.879473385895263959e+01
5.879986389635391930e+01
5.880498197845146535e+01
5.881008816063363298e+01
5.881518249790538988e+01
5.882026504489190444e+01
5.882533585584199187e+01
5.883039498463158168e+01
5.883544248476711402e+01
5.884047840938889351e+01
5.884550281127446425e+01
5.885051574284182863e+01
5.885551725615277974e+01
5.886050740291605621e+01
5.886548623449056095e+01
5.887045380188849464e+01
5.887541015577846082e+01
5.888035534648856384e+01
5.888528942400941446e+01
5.889021243799714966e+01
5.889512443777643824e+01
5.890002547234337271e+01
5.890491559036841807e+01
5.890979484019927526e+01
5.891466326986369495e+01
5.891952092707234101e+01
5.892436785922156162e+01
5.892920411339608222e+01
5.893402973637183351e+01
5.893884477461854488e+01
5.894364927430247292e+01
5.894844328128900202e+01
5.895322684114525913e+01
5.895799999914270018e+01
5.896276280025963956e+01
5.896751528918379393e+01
5.897225751031476904e+01
5.897698950776653959e+01
5.898171132536985795e+01
5.898642300667471261e+01
5.899112459495268013e+01
5.899581613319934092e+01
5.900049766413656016e+01
5.900516923021485383e+01
5.900983087361562696e+01
5.901448263625350421e+01
5.901912455977853256e+01
5.902375668557840527e+01
5.902837905478064329e+01
5.903299170825483344e+01
5.903759468661469612e+01
5.904218803022025241e+01
5.904677177917995579e+01
5.905134597335270996e+01
5.905591065235002191e+01
5.906046585553796291e+01
5.906501162203922917e+01
5.906954799073511708e+01
5.907407500026755542e+01
5.907859268904099537e+01
5.908310109522440001e+01
5.908760025675314864e+01
5.909209021133093387e+01
5.909657099643163747e+01
5.910104264930119911e+01
5.910550520695947796e+01
5.910995870620204329e+01
5.911440318360200052e+01
5.911883867551176053e+01
5.912326521806485147e+01
5.912768284717763123e+01
5.913209159855102115e+01
5.913649150767226104e+01
