# z
5.990000000000000213e+00
6.980000000000000426e+00
7.970000000000000639e+00
8.960000000000000853e+00
9.949999999999999289e+00
1.094000000000000128e+01
1.192999999999999972e+01
1.291999999999999993e+01
1.391000000000000014e+01
1.490000000000000036e+01
1.589000000000000057e+01
1.688000000000000256e+01
1.786999999999999744e+01
1.885999999999999943e+01
1.985000000000000142e+01
2.083999999999999986e+01
2.182999999999999829e+01
2.282000000000000028e+01
2.381000000000000227e+01
2.479999999999999716e+01
2.578999999999999915e+01
2.678000000000000114e+01
2.777000000000000313e+01
2.875999999999999801e+01
2.975000000000000000e+01
3.074000000000000199e+01
3.172999999999999687e+01
3.271999999999999886e+01
3.371000000000000085e+01
3.470000000000000284e+01
3.568999999999999773e+01
3.667999999999999972e+01
3.767000000000000171e+01
3.866000000000000369e+01
3.964999999999999858e+01
4.064000000000000057e+01
4.163000000000000256e+01
4.262000000000000455e+01
4.360999999999999943e+01
4.460000000000000142e+01
4.559000000000000341e+01
4.657999999999999829e+01
4.757000000000000028e+01
4.856000000000000227e+01
4.955000000000000426e+01
5.053999999999999915e+01
5.153000000000000114e+01
5.252000000000000313e+01
5.350999999999999801e+01
5.450000000000000000e+01
5.549000000000000199e+01
5.648000000000000398e+01
5.746999999999999886e+01
5.846000000000000085e+01
5.945000000000000284e+01
6.044000000000000483e+01
6.142999999999999972e+01
6.242000000000000171e+01
6.341000000000000369e+01
6.439999999999999147e+01
6.539000000000000057e+01
6.637999999999999545e+01
6.737000000000000455e+01
6.835999999999999943e+01
6.934999999999999432e+01
7.033999999999998920e+01
7.132999999999999829e+01
7.231999999999999318e+01
7.330999999999998806e+01
7.429999999999999716e+01
7.528999999999999204e+01
7.628000000000000114e+01
7.726999999999999602e+01
7.825999999999999091e+01
7.925000000000000000e+01
8.023999999999999488e+01
8.122999999999998977e+01
8.221999999999999886e+01
8.320999999999999375e+01
8.419999999999998863e+01
8.518999999999999773e+01
8.617999999999999261e+01
8.716999999999998749e+01
8.815999999999999659e+01
8.914999999999999147e+01
9.014000000000000057e+01
9.112999999999999545e+01
9.211999999999999034e+01
9.310999999999999943e+01
9.409999999999999432e+01
9.508999999999998920e+01
9.607999999999999829e+01
9.706999999999999318e+01
9.805999999999998806e+01
9.904999999999999716e+01
1.000399999999999920e+02
1.010299999999999869e+02
1.020199999999999960e+02
1.030099999999999909e+02
1.040000000000000000e+02
1.049899999999999949e+02
1.059799999999999898e+02
1.069699999999999989e+02
1.079599999999999937e+02
1.089499999999999886e+02
1.099399999999999977e+02
1.109299999999999926e+02
1.119199999999999875e+02
1.129099999999999966e+02
1.138999999999999915e+02
1.148900000000000006e+02
1.158799999999999955e+02
1.168699999999999903e+02
1.178599999999999994e+02
1.188499999999999943e+02
1.198399999999999892e+02
1.208299999999999983e+02
1.218199999999999932e+02
1.228099999999999881e+02
1.237999999999999972e+02
1.247899999999999920e+02
1.257799999999999869e+02
1.267699999999999960e+02
1.277599999999999909e+02
1.287500000000000000e+02
1.297400000000000091e+02
1.307299999999999898e+02
1.317199999999999989e+02
1.327100000000000080e+02
1.336999999999999886e+02
1.346899999999999977e+02
1.356800000000000068e+02
1.366700000000000159e+02
1.376599999999999966e+02
1.386500000000000057e+02
1.396400000000000148e+02
1.406299999999999955e+02
1.416200000000000045e+02
1.426100000000000136e+02
1.435999999999999943e+02
1.445900000000000034e+02
1.455800000000000125e+02
1.465700000000000216e+02
1.475600000000000023e+02
1.485500000000000114e+02
1.495400000000000205e+02
1.505300000000000011e+02
1.515200000000000102e+02
1.525100000000000193e+02
1.535000000000000000e+02
1.544900000000000091e+02
1.554800000000000182e+02
1.564699999999999989e+02
1.574600000000000080e+02
1.584500000000000171e+02
1.594399999999999977e+02
1.604300000000000068e+02
1.614200000000000159e+02
1.624099999999999966e+02
1.634000000000000057e+02
1.643900000000000148e+02
1.653799999999999955e+02
1.663700000000000045e+02
1.673600000000000136e+02
1.683499999999999943e+02
1.693400000000000034e+02
1.703300000000000125e+02
1.713200000000000216e+02
1.723100000000000023e+02
1.733000000000000114e+02
1.742900000000000205e+02
1.752800000000000011e+02
1.762700000000000102e+02
1.772600000000000193e+02
1.782500000000000000e+02
1.792400000000000091e+02
1.802300000000000182e+02
1.812199999999999989e+02
1.822100000000000080e+02
1.832000000000000171e+02
1.841899999999999977e+02
1.851800000000000068e+02
1.861700000000000159e+02
1.871599999999999966e+02
1.881500000000000057e+02
1.891400000000000148e+02
1.901299999999999955e+02
1.911200000000000045e+02
1.921100000000000136e+02
1.930999999999999943e+02
1.940900000000000034e+02
1.950800000000000125e+02
1.960699999999999932e+02
1.970600000000000023e+02
1.980500000000000114e+02
1.990400000000000205e+02
2.000300000000000011e+02
2.010200000000000102e+02
2.020100000000000193e+02
2.030000000000000000e+02
2.039900000000000091e+02
2.049800000000000182e+02
2.059699999999999989e+02
2.069600000000000080e+02
2.079500000000000171e+02
2.089399999999999977e+02
2.099300000000000068e+02
2.109200000000000159e+02
2.119099999999999966e+02
2.129000000000000057e+02
2.138900000000000148e+02
2.148799999999999955e+02
2.158700000000000045e+02
2.168600000000000136e+02
2.178499999999999943e+02
2.188400000000000034e+02
2.198300000000000125e+02
2.208199999999999932e+02
2.218100000000000023e+02
2.228000000000000114e+02
2.237900000000000205e+02
2.247800000000000011e+02
2.257700000000000102e+02
2.267600000000000193e+02
2.277500000000000000e+02
2.287400000000000091e+02
2.297300000000000182e+02
2.307199999999999989e+02
2.317100000000000080e+02
2.327000000000000171e+02
2.336899999999999977e+02
2.346800000000000068e+02
2.356700000000000159e+02
2.366599999999999966e+02
2.376500000000000057e+02
2.386400000000000148e+02
2.396299999999999955e+02
2.406200000000000045e+02
2.416100000000000136e+02
2.425999999999999943e+02
2.435900000000000034e+02
2.445800000000000125e+02
2.455699999999999932e+02
2.465600000000000023e+02
2.475500000000000114e+02
2.485400000000000205e+02
2.495300000000000011e+02
2.505200000000000102e+02
2.515100000000000193e+02
2.525000000000000000e+02
2.534900000000000091e+02
2.544800000000000182e+02
2.554699999999999989e+02
2.564599999999999795e+02
2.574499999999999886e+02
2.584399999999999977e+02
2.594300000000000068e+02
2.604200000000000159e+02
2.614099999999999682e+02
2.624000000000000341e+02
2.633899999999999864e+02
2.643799999999999955e+02
2.653700000000000045e+02
2.663600000000000136e+02
2.673500000000000227e+02
2.683400000000000318e+02
2.693299999999999841e+02
2.703199999999999932e+02
2.713100000000000023e+02
2.723000000000000114e+02
2.732900000000000205e+02
2.742800000000000296e+02
2.752699999999999818e+02
2.762599999999999909e+02
2.772500000000000000e+02
2.782400000000000091e+02
2.792300000000000182e+02
2.802200000000000273e+02
2.812099999999999795e+02
2.821999999999999886e+02
2.831899999999999977e+02
2.841800000000000068e+02
2.851700000000000159e+02
2.861600000000000250e+02
2.871500000000000341e+02
2.881399999999999864e+02
2.891299999999999955e+02
2.901200000000000045e+02
2.911100000000000136e+02
2.921000000000000227e+02
2.930900000000000318e+02
2.940799999999999841e+02
2.950699999999999932e+02
2.960600000000000023e+02
2.970500000000000114e+02
2.980400000000000205e+02
2.990300000000000296e+02
3.000199999999999818e+02
3.010099999999999909e+02
3.020000000000000000e+02
3.029900000000000091e+02
3.039800000000000182e+02
3.049700000000000273e+02
3.059599999999999795e+02
3.069499999999999886e+02
3.079399999999999977e+02
3.089300000000000068e+02
3.099200000000000159e+02
3.109100000000000250e+02
3.119000000000000341e+02
3.128899999999999864e+02
3.138799999999999955e+02
3.148700000000000045e+02
3.158600000000000136e+02
3.168500000000000227e+02
3.178400000000000318e+02
3.188299999999999841e+02
3.198199999999999932e+02
3.208100000000000023e+02
3.218000000000000114e+02
3.227900000000000205e+02
3.237800000000000296e+02
3.247699999999999818e+02
3.257599999999999909e+02
3.267500000000000000e+02
3.277400000000000091e+02
3.287300000000000182e+02
3.297200000000000273e+02
3.307099999999999795e+02
3.316999999999999886e+02
3.326899999999999977e+02
3.336800000000000068e+02
3.346700000000000159e+02
3.356600000000000250e+02
3.366500000000000341e+02
3.376399999999999864e+02
3.386299999999999955e+02
3.396200000000000045e+02
3.406100000000000136e+02
3.416000000000000227e+02
3.425900000000000318e+02
3.435799999999999841e+02
3.445699999999999932e+02
3.455600000000000023e+02
3.465500000000000114e+02
3.475400000000000205e+02
3.485300000000000296e+02
3.495199999999999818e+02
3.505099999999999909e+02
3.515000000000000000e+02
3.524900000000000091e+02
3.534800000000000182e+02
3.544700000000000273e+02
3.554599999999999795e+02
3.564499999999999886e+02
3.574399999999999977e+02
3.584300000000000068e+02
3.594200000000000159e+02
3.604100000000000250e+02
3.614000000000000341e+02
3.623899999999999864e+02
3.633799999999999955e+02
3.643700000000000045e+02
3.653600000000000136e+02
3.663500000000000227e+02
3.673400000000000318e+02
3.683299999999999841e+02
3.693199999999999932e+02
3.703100000000000023e+02
3.713000000000000114e+02
3.722900000000000205e+02
3.732800000000000296e+02
3.742699999999999818e+02
3.752599999999999909e+02
3.762500000000000000e+02
3.772400000000000091e+02
3.782300000000000182e+02
3.792200000000000273e+02
3.802099999999999795e+02
3.811999999999999886e+02
3.821899999999999977e+02
3.831800000000000068e+02
3.841700000000000159e+02
3.851600000000000250e+02
3.861499999999999773e+02
3.871399999999999864e+02
3.881299999999999955e+02
3.891200000000000045e+02
3.901100000000000136e+02
3.911000000000000227e+02
3.920900000000000318e+02
3.930799999999999841e+02
3.940699999999999932e+02
3.950600000000000023e+02
3.960500000000000114e+02
3.970400000000000205e+02
3.980300000000000296e+02
3.990199999999999818e+02
4.000099999999999909e+02
4.010000000000000000e+02
4.019900000000000091e+02
4.029800000000000182e+02
4.039700000000000273e+02
4.049599999999999795e+02
4.059499999999999886e+02
4.069399999999999977e+02
4.079300000000000068e+02
4.089200000000000159e+02
4.099100000000000250e+02
4.108999999999999773e+02
4.118899999999999864e+02
4.128799999999999955e+02
4.138700000000000045e+02
4.148600000000000136e+02
4.158500000000000227e+02
4.168400000000000318e+02
4.178299999999999841e+02
4.188199999999999932e+02
4.198100000000000023e+02
4.208000000000000114e+02
4.217900000000000205e+02
4.227800000000000296e+02
4.237699999999999818e+02
4.247599999999999909e+02
4.257500000000000000e+02
4.267400000000000091e+02
4.277300000000000182e+02
4.287200000000000273e+02
4.297099999999999795e+02
4.306999999999999886e+02
4.316899999999999977e+02
4.326800000000000068e+02
4.336700000000000159e+02
4.346600000000000250e+02
4.356499999999999773e+02
4.366399999999999864e+02
4.376299999999999955e+02
4.386200000000000045e+02
4.396100000000000136e+02
4.406000000000000227e+02
4.415900000000000318e+02
4.425799999999999841e+02
4.435699999999999932e+02
4.445600000000000023e+02
4.455500000000000114e+02
4.465400000000000205e+02
4.475300000000000296e+02
4.485199999999999818e+02
4.495099999999999909e+02
4.505000000000000000e+02
4.514900000000000091e+02
4.524800000000000182e+02
4.534700000000000273e+02
4.544599999999999795e+02
4.554499999999999886e+02
4.564399999999999977e+02
4.574300000000000068e+02
4.584200000000000159e+02
4.594100000000000250e+02
4.603999999999999773e+02
4.613899999999999864e+02
4.623799999999999955e+02
4.633700000000000045e+02
4.643600000000000136e+02
4.653500000000000227e+02
4.663400000000000318e+02
4.673299999999999841e+02
4.683199999999999932e+02
4.693100000000000023e+02
4.703000000000000114e+02
4.712900000000000205e+02
4.722800000000000296e+02
4.732699999999999818e+02
4.742599999999999909e+02
4.752500000000000000e+02
4.762400000000000091e+02
4.772300000000000182e+02
4.782200000000000273e+02
4.792099999999999795e+02
4.801999999999999886e+02
4.811899999999999977e+02
4.821800000000000068e+02
4.831700000000000159e+02
4.841600000000000250e+02
4.851499999999999773e+02
4.861399999999999864e+02
4.871299999999999955e+02
4.881200000000000045e+02
4.891100000000000136e+02
4.901000000000000227e+02
4.910900000000000318e+02
4.920799999999999841e+02
4.930699999999999932e+02
4.940600000000000023e+02
4.950500000000000114e+02
4.960400000000000205e+02
4.970300000000000296e+02
4.980199999999999818e+02
4.990099999999999909e+02
5.000000000000000000e+02
