# d_z
7.789809123146705927e-01
7.749849765420077086e-01
7.710026925941022569e-01
7.670345603450057226e-01
7.630810607025036996e-01
7.591426559485164871e-01
7.552198000606202832e-01
7.513129069444965946e-01
7.474223837140366866e-01
7.435486226290525247e-01
7.396919983705771973e-01
7.358528684286786969e-01
7.320315734836333466e-01
7.282284377811655274e-01
7.244437707599036269e-01
7.206778723551543475e-01
7.169310071981904731e-01
7.132034386951415783e-01
7.094954151860608516e-01
7.058071703416127773e-01
7.021389235526624972e-01
6.984908803131447685e-01
6.948632325965425904e-01
6.912561592262448373e-01
6.876698316534731736e-01
6.841044001328712154e-01
6.805600014760035954e-01
6.770367662989917878e-01
6.735348135627099442e-01
6.700542509385266632e-01
6.665951751665296632e-01
6.631576724064218720e-01
6.597418185812393698e-01
6.563476797140426200e-01
6.529753122576903435e-01
6.496247711192615348e-01
6.462960864422133689e-01
6.429892860395770571e-01
6.397043918476266189e-01
6.364414176094733699e-01
6.332003691824421576e-01
6.299812448377386520e-01
6.267840355525550189e-01
6.236087252947494219e-01
6.204552913002263637e-01
6.173237043431456517e-01
6.142139289990770079e-01
6.111259239012183375e-01
6.080596507862132682e-01
6.050150463708702242e-01
6.019920530870598308e-01
5.989906086423858467e-01
5.960106458851079925e-01
5.930520930303043725e-01
5.901148738791575088e-01
5.871989080315179743e-01
5.843041110918917314e-01
5.814303948689962809e-01
5.785776675690296189e-01
5.757458339827913330e-01
5.729347956667980579e-01
5.701444511185226327e-01
5.673746959459008421e-01
5.646254266962285051e-01
5.618965332753788067e-01
5.591878988145390084e-01
5.564994092388572122e-01
5.538309482981479404e-01
5.511823977092596971e-01
5.485536372932783289e-01
5.459445451077141742e-01
5.433549975738120041e-01
5.407848695991180898e-01
5.382340346954443966e-01
5.357023650923575797e-01
5.331897318463234559e-01
5.306960049456350692e-01
5.282210534112452560e-01
5.257647453936298287e-01
5.233269482657946226e-01
5.209075287125478626e-01
5.185063528161480972e-01
5.161232876709259676e-01
5.137582005671404994e-01
5.114109516147401502e-01
5.090814054240397901e-01
5.067694263587156911e-01
5.044748786037493993e-01
5.021976262303559091e-01
4.999375332580011655e-01
4.976944637136039296e-01
4.954682816880210949e-01
4.932588513899099913e-01
4.910660371970592131e-01
4.888897037052762906e-01
4.867297157749169156e-01
4.845859385751439263e-01
4.824582373324791673e-01
4.803464780794824418e-01
4.782505272854983280e-01
4.761702517541560042e-01
4.741055187861790143e-01
4.720561843405149949e-01
4.700221458326409030e-01
4.680032544958264151e-01
4.659993800160076027e-01
4.640103927134600070e-01
4.620361635675742096e-01
4.600765642401452027e-01
4.581314670972351233e-01
4.562007452296664711e-01
4.542842724721973813e-01
4.523819234214371265e-01
4.504935734525470359e-01
4.486190987347817849e-01
4.467583762459140795e-01
4.449112837855923597e-01
4.430776999876724909e-01
4.412575043315702383e-01
4.394505771526725502e-01
4.376567996518491710e-01
4.358760539041031667e-01
4.341082228663971088e-01
4.323531903846904445e-01
4.306108412002234154e-01
4.288810609550807174e-01
4.271637361970653246e-01
4.254587543839161712e-01
4.237660038868972245e-01
4.220853739937874827e-01
4.204167549112994284e-01
4.187600377669535301e-01
4.171151146104309926e-01
4.154818784144347354e-01
4.138602230750771938e-01
4.122500434118207546e-01
4.106512351669920347e-01
4.090636950744560574e-01
4.074873207171334499e-01
4.059220105029859305e-01
4.043676638580623317e-01
4.028241811224105851e-01
4.012914635475219316e-01
3.997694132934736522e-01
3.982579334257903558e-01
3.967569279120356507e-01
3.952663016181511280e-01
3.937859603045577583e-01
3.923158106220300256e-01
3.908557601073616716e-01
3.894057171788301019e-01
3.879655911314737748e-01
3.865352921321973390e-01
3.851147312147090163e-01
3.837038202743079385e-01
3.823024720625255446e-01
3.809106001816366938e-01
3.795281190790441572e-01
3.781549440415501451e-01
3.767909911895208075e-01
3.754361774709525368e-01
3.740904206554480638e-01
3.727536393281108418e-01
3.714257528833621591e-01
3.701066815186910830e-01
3.687963462283412319e-01
3.674946687969430914e-01
3.662015717930946490e-01
3.649169785628989526e-01
3.636408132234634771e-01
3.623730006563637418e-01
3.611134665010811706e-01
3.598621368803588405e-01
3.586189391713885399e-01
3.573838013051520712e-01
3.561566518840331153e-01
3.549374202353929308e-01
3.537260364049258921e-01
3.525224311500145813e-01
3.513265359330871029e-01
3.501382829149814468e-01
3.489576049483174014e-01
3.477844355708821777e-01
3.466187089990288572e-01
3.454603601210932684e-01
3.443093244908292383e-01
3.431655383208673804e-01
3.420289384761953100e-01
3.408994624676667251e-01
3.397770484455359119e-01
3.386616351930241686e-01
3.375531621199154286e-01
3.364515692561871885e-01
3.353567972456736879e-01
3.342687873397671150e-01
3.331874813911544497e-01
3.321128218475934979e-01
3.310447517457286715e-01
3.299832147049467368e-01
3.289281549212748068e-01
3.278795171613206882e-01
3.268372467562570272e-01
3.258012895958481425e-01
3.247715921225242108e-01
3.237481013254992490e-01
3.227307647349351161e-01
3.217195304161538649e-01
3.207143469638954469e-01
3.197151634966240996e-01
3.187219295800588492e-01
3.177345951804020907e-01
3.167531112391911430e-01
3.157774289111385801e-01
3.148074998471206420e-01
3.138432761887697264e-01
3.128847105631177850e-01
3.119317560772884024e-01
3.109843663132395575e-01
3.100424953225557889e-01
3.091060976212906541e-01
3.081751281848589819e-01
3.072495424429794175e-01
3.063292962746662074e-01
3.054143460032712198e-01
3.045046483915757052e-01
3.036001606369319594e-01
3.027008403664532832e-01
3.018066456322551772e-01
3.009175349067436667e-01
3.000334670779540303e-01
2.991544014449373790e-01
2.982802977131964184e-01
2.974111159901694501e-01
2.965468167807615019e-01
2.956873609829247518e-01
2.948327098832849158e-01
2.939828251528165959e-01
2.931376688425636479e-01
2.922972033794073998e-01
2.914613915618816664e-01
2.906301965560322276e-01
2.898035818913232142e-01
2.889815114565883469e-01
2.881639494960276382e-01
2.873508606052482262e-01
2.865422097273497282e-01
2.857379621490538368e-01
2.849380834968770482e-01
2.841425397333472436e-01
2.833512971532622937e-01
2.825643223799920722e-01
2.817815823618222137e-01
2.810030442239134230e-01
2.802286755949741082e-01
2.794584445012257556e-01
2.786923191532481026e-01
2.779302680689756389e-01
2.771722600702835604e-01
2.764182642796124134e-01
2.756682501166314858e-01
2.749221872949420553e-01
2.741800458188179412e-01
2.734417959799851361e-01
2.727074083544377414e-01
2.719768537992924284e-01
2.712501034496790919e-01
2.705271287156678639e-01
2.698079012792322651e-01
2.690923930912484940e-01
2.683805763685293555e-01
2.676724235908937155e-01
2.669679074982696521e-01
2.662670010878331883e-01
2.655696776111790558e-01
2.648759105715262629e-01
2.641856737209562489e-01
2.634989410576833446e-01
2.628156868233582077e-01
2.621358855004027322e-01
2.614595118093767656e-01
2.607865407063759133e-01
2.601169473804600951e-01
2.594507072511130219e-01
2.587877959657316485e-01
2.581281893971451580e-01
2.574718636411637562e-01
2.568187950141563314e-01
2.561689600506574238e-01
2.555223355010017294e-01
2.548788983289875798e-01
2.542386257095676227e-01
2.536014950265674806e-01
2.529674838704306095e-01
2.523365700359914143e-01
2.517087315202732878e-01
2.510839465203138499e-01
2.504621934310155007e-01
2.498434508430219247e-01
2.492276975406193251e-01
2.486149124996632209e-01
2.480050748855288645e-01
2.473981640326572695e-01
2.467941593330894856e-01
2.461930406872626653e-01
2.455947879977254389e-01
2.449993813467092330e-01
2.444068009942196307e-01
2.438170273761501305e-01
2.432300411024181097e-01
2.426458229551229917e-01
2.420643538867263134e-01
2.414856150182531080e-01
2.409095876375148548e-01
2.403362531973531335e-01
2.397655933139040685e-01
2.391975897648835336e-01
2.386322244878924526e-01
2.380694795787419160e-01
2.375093372897980615e-01
2.369517800283469089e-01
2.363967903549776817e-01
2.358443509819860007e-01
2.352944447717948417e-01
2.347470547353951720e-01
2.342021640308038222e-01
2.336597559615402053e-01
2.331198139751205489e-01
2.325823216615698352e-01
2.320472627519510334e-01
2.315146211169115953e-01
2.309843807652472991e-01
2.304565258424821073e-01
2.299310406294651221e-01
2.294079095409839453e-01
2.288871171243937186e-01
2.283686480582624023e-01
2.278524871510322625e-01
2.273386193396955413e-01
2.268270296884871695e-01
2.263177033875913013e-01
2.258106257518635862e-01
2.253057822195678739e-01
2.248031583511276854e-01
2.243027398278918672e-01
2.238045124509148998e-01
2.233084621397505853e-01
2.228145749312606394e-01
2.223228369784356340e-01
2.218332345492308177e-01
2.213457540254144540e-01
2.208603819014294811e-01
2.203771047832685792e-01
2.198959093873616433e-01
2.194167825394763294e-01
2.189397111736309798e-01
2.184646823310196218e-01
2.179916831589500670e-01
2.175207009097933353e-01
2.170517229399450132e-01
2.165847367087990472e-01
2.161197296692981273e-01
2.156566895841651177e-01
2.151956042313299400e-01
2.147364614717209574e-01
2.142792492643234292e-01
2.138239556652199169e-01
2.133705688266415990e-01
2.129190769960303264e-01
2.124694685151113926e-01
2.120217318189760447e-01
2.115758554351753751e-01
2.111318279828231226e-01
2.106896381717097144e-01
2.102492748014251622e-01
2.098107267604922832e-01
2.093739830255100520e-01
2.089390326603052239e-01
2.085058648150945049e-01
2.080744687256557701e-01
2.076448337125080534e-01
2.072169491801010843e-01
2.067908046160137625e-01
2.063663895901611534e-01
2.059436937540105872e-01
2.055227068398062795e-01
2.051034186598023890e-01
2.046858191055047627e-01
2.042698981469205088e-01
2.038556458318167841e-01
2.034430522849863254e-01
2.030321077075225022e-01
2.026228023761007802e-01
2.022151266422693161e-01
2.018090709317468534e-01
2.014046257437277221e-01
2.010017816501951660e-01
2.006005292952417196e-01
2.002008593943972736e-01
1.998027627339636625e-01
1.994062301703575790e-01
1.990112526294597339e-01
1.986178211059710652e-01
1.982259266627765804e-01
1.978355604303152215e-01
1.974467136059570860e-01
1.970593774533869746e-01
1.966735433019946577e-01
1.962892025462717183e-01
1.959063466452148905e-01
1.955249671217357266e-01
1.951450555620763694e-01
1.947666036152318481e-01
1.943896029923781466e-01
1.940140454663069336e-01
1.936399228708656495e-01
1.932672271004038100e-01
1.928959501092253059e-01
1.925260839110463085e-01
1.921576205784588376e-01
1.917905522424000753e-01
1.914248710916273966e-01
1.910605693721986464e-01
1.906976393869580788e-01
1.903360734950274580e-01
1.899758641113029056e-01
1.896170037059565772e-01
1.892594848039435840e-01
1.889032999845143834e-01
1.885484418807320539e-01
1.881949031469327682e-01
1.878426765093531292e-01
1.874917548088884944e-01
1.871421308889275603e-01
1.867937976443400094e-01
1.864467480210221795e-01
1.861009750154486719e-01
1.857564716742274580e-01
1.854132310936603412e-01
1.850712464193074447e-01
1.847305108455566947e-01
1.843910176151970226e-01
1.840527600189966750e-01
1.837157313952852145e-01
1.833799251295401278e-01
1.830453346539775705e-01
1.827119534471472184e-01
1.823797750335314216e-01
1.820487929831480778e-01
1.817190009111578630e-01
1.813903924774754317e-01
1.810629613863840581e-01
1.807367013861549687e-01
1.804116062686698385e-01
1.800876698690474231e-01
1.797648860652737435e-01
1.794432487778361562e-01
1.791227519693611714e-01
1.788033896442553783e-01
1.784851558483507572e-01
1.781680446685527941e-01
1.778520502324926200e-01
1.775371667081822591e-01
1.772233883036735680e-01
1.769107092667203118e-01
1.765991238844439315e-01
1.762886264830023364e-01
1.759792114272618058e-01
1.756708731204728036e-01
1.753636060039482636e-01
1.750574045567453996e-01
1.747522632953506239e-01
1.744481767733675470e-01
1.741451395812080583e-01
1.738431463457859594e-01
1.735421917302147898e-01
1.732422704335070951e-01
1.729433771902778860e-01
1.726455067704500412e-01
1.723486539789634009e-01
1.720528136554860255e-01
1.717579806741286186e-01
1.714641499431614757e-01
1.711713164047346247e-01
1.708794750345998814e-01
1.705886208418364580e-01
1.702987488685787920e-01
1.700098541897465954e-01
1.697219319127785953e-01
1.694349771773674407e-01
1.691489851551983281e-01
1.688639510496896257e-01
1.685798700957357177e-01
1.682967375594529857e-01
1.680145487379274827e-01
1.677332989589654655e-01
1.674529835808463984e-01
1.671735979920775383e-01
1.668951376111520446e-01
1.666175978863081719e-01
1.663409742952917936e-01
