# f_z
5.127966172728553040e-01
5.188628893572792000e-01
5.248808386506504942e-01
5.308495692004602251e-01
5.367682387286465406e-01
5.426360575870077252e-01
5.484522489789933619e-01
5.542161722165015458e-01
5.599271943157233533e-01
5.655847211594652313e-01
5.711882082456846144e-01
5.767371593780723504e-01
5.822311253654683938e-01
5.876697027290795905e-01
5.930525274337796748e-01
5.983792539008494504e-01
6.036496576628004318e-01
6.088635004592857225e-01
6.140205850752308292e-01
6.191207539270118243e-01
6.241638876685480231e-01
6.291499038171428637e-01
6.340787553990414604e-01
6.389504296147983098e-01
6.437649245073135962e-01
6.485223051660387039e-01
6.532226727697992841e-01
6.578661350799475116e-01
6.624528287434595653e-01
6.669829179835459199e-01
6.714565933198972658e-01
6.758740703185144305e-01
6.802355883710988760e-01
6.845414095039830116e-01
6.887918172165893305e-01
6.929870831246888185e-01
6.971275640823124675e-01
7.012136091078735589e-01
7.052455741309606729e-01
7.092238318815229370e-01
7.131487708439920858e-01
7.170207942448776350e-01
7.208403190733940757e-01
7.246077751346848839e-01
7.283236041351790480e-01
7.319882587996109358e-01
7.356022020192214406e-01
7.391659060306394746e-01
7.426798134874506019e-01
7.461444593907362588e-01
7.495603388042235693e-01
7.529279519982723379e-01
7.562478053286405544e-01
7.595204105551404128e-01
7.627462841893952739e-01
7.659259468709561647e-01
7.690599227710348540e-01
7.721487390231187575e-01
7.751929251797251563e-01
7.781930126945638682e-01
7.811495344293752918e-01
7.840630241847192927e-01
7.869340162539933958e-01
7.897630283940523244e-01
7.925505962744232580e-01
7.952972748140436643e-01
7.980035950118431476e-01
8.006700866713252207e-01
8.032972780628007126e-01
8.058856956050844955e-01
8.084358635659376624e-01
8.109483037805503836e-01
8.134235353873813246e-01
8.158620745806797192e-01
8.182644343790315133e-01
8.206311244092943102e-01
8.229626507052947293e-01
8.252595155206782218e-01
8.275222171553240358e-01
8.297512497947457932e-01
8.319471033619217915e-01
8.341102633810082434e-01
8.362412034691463214e-01
8.383403893846815835e-01
8.404083150795854662e-01
8.424454466644921702e-01
8.444522454250320553e-01
8.464291677397111080e-01
8.483766650067180448e-01
8.502951835792189605e-01
8.521851647087079762e-01
8.540470444960077678e-01
8.558812538495198519e-01
8.576882184503435980e-01
8.594683587239005940e-01
8.612220898177089801e-01
8.629498215849686904e-01
8.646519600277666751e-01
8.663289038018644472e-01
8.679810461960852930e-01
8.696087758336745743e-01
8.712124760464493578e-01
8.727925855178213510e-01
8.743493289437477278e-01
8.758831641339486218e-01
8.773944529767880862e-01
8.788835521951834373e-01
8.803508133728561447e-01
8.817965829834235603e-01
8.832212024221354207e-01
8.846250080400632765e-01
8.860083311805615480e-01
8.873714982178294575e-01
8.887148305974075235e-01
8.900386448784545212e-01
8.913432527776560255e-01
8.926289612146238728e-01
8.938960723586515389e-01
8.951448836767014194e-01
8.963756879825004464e-01
8.975887734866326850e-01
8.987844238475201086e-01
8.999629182231878577e-01
9.011245313237208343e-01
9.022695334643162646e-01
9.033981906188497391e-01
9.045107644738703545e-01
9.056075124829509049e-01
9.066886879213178485e-01
9.077545399406965476e-01
9.088053136243045005e-01
9.098412500419347237e-01
9.108625863050709981e-01
9.118695556219850173e-01
9.128623873527612620e-01
9.138413070642084080e-01
9.148065365846095309e-01
9.157582937363544229e-01
9.166967930497145201e-01
9.176222459090145334e-01
9.185348597067024556e-01
9.194348383705425176e-01
9.203223824163223599e-01
9.211976890001923879e-01
9.220609519706116641e-01
9.229123619198770223e-01
9.237521062352147538e-01
9.245803691494154375e-01
9.253973317909948149e-01
9.262031722338640582e-01
9.269980655464946651e-01
9.277821838405667654e-01
9.285556963190861879e-01
9.293187693239628455e-01
9.300715663830388946e-01
9.308142482565602283e-01
9.315469729830827550e-01
9.322698959248091333e-01
9.329831698123485229e-01
9.336869447888986873e-01
9.343813684538421205e-01
9.350665859057596396e-01
9.357427397848535611e-01
9.364099703147842346e-01
9.370684153439159392e-01
9.377182103859746931e-01
9.383594886601168694e-01
9.389923811304112800e-01
9.396170165447347289e-01
9.402335214730852542e-01
9.408420203453131681e-01
9.414426354882756698e-01
9.420354890793249947e-01
9.426206976320501418e-01
9.431983769705756249e-01
9.437686413873239699e-01
9.443316032479611710e-01
9.448873730251553527e-01
9.454360593317898687e-01
9.459777689536346124e-01
9.465126068814823102e-01
9.470406763427535735e-01
9.475620788325777033e-01
9.480769141443544656e-01
9.485852803998022775e-01
9.490872740784992434e-01
9.495829900469229257e-01
9.500725215869952889e-01
9.505559604241382576e-01
9.510333967548469936e-01
9.515049192737868866e-01
9.519706152004203670e-01
9.524305703051707539e-01
9.528848689351278045e-01
9.533335940393047325e-01
9.537768271934482511e-01
9.542146486244136305e-01
9.546471372341061024e-01
9.550743706229991581e-01
9.554964251132330721e-01
9.559133757713024204e-01
9.563252964303374792e-01
9.567322597119856109e-01
9.571343370479008517e-01
9.575315987008459206e-01
9.579241137854134225e-01
9.583119502883734597e-01
9.586951750886525403e-01
9.590738539769498860e-01
9.594480522343900031e-01
9.598178349860458924e-01
9.601832626210505817e-01
9.605443967854221388e-01
9.609012981286092492e-01
9.612540263210848090e-01
9.616026400716181088e-01
9.619471971442308256e-01
9.622877543748423745e-01
9.626243676876099498e-01
9.629570921109685822e-01
9.632859817933774327e-01
9.636110900187760953e-01
9.639324692217565715e-01
9.642501710024565797e-01
9.645642461411789714e-01
9.648747446127408089e-01
9.651817156005596532e-01
9.654852075104793929e-01
9.657852679843409449e-01
9.660819439133041531e-01
9.663752814509223299e-01
9.666653260259769898e-01
9.669521223550756606e-01
9.672357144550165486e-01
9.675161456549264960e-01
9.677934586081738955e-01
9.680676953040625587e-01
9.683388970793103123e-01
9.686071046293148745e-01
9.688723580192134532e-01
9.691346966947377295e-01
9.693941594928688898e-01
9.696507846522970375e-01
9.699046098236875357e-01
9.701556720797588351e-01
9.704040079251742279e-01
9.706496533062530796e-01
9.708926436205020938e-01
9.711330137259728268e-01
9.713707979504463408e-01
9.716060301004503241e-01
9.718387434701099004e-01
9.720689721367241631e-01
9.722967480362825210e-01
9.725221018674591322e-01
9.727450649732007903e-01
9.729656682251737188e-01
9.731839420317052181e-01
9.733999163455804293e-01
9.736136206716970998e-01
9.738250840745806824e-01
9.740343351857628784e-01
9.742414022110255090e-01
9.744463129375132704e-01
9.746490947407170369e-01
9.748497745913304868e-01
9.750483790619821622e-01
9.752449343338467358e-01
9.754394662031348195e-01
9.756320000874673104e-01
9.758225610321337173e-01
9.760111737162372458e-01
9.761978624587304143e-01
9.763826512243405364e-01
9.765655636293898434e-01
9.767466229475100237e-01
9.769258521152556218e-01
9.771032737376148525e-01
9.772789100934241580e-01
9.774527831406832901e-01
9.776249145217779102e-01
9.777953255686069323e-01
9.779640373076202708e-01
9.781310704647654397e-01
9.782964454703471091e-01
9.784601824637996215e-01
9.786223012983760183e-01
9.787828215457524683e-01
9.789417625005526480e-01
9.790991431847909654e-01
9.792549823522382901e-01
9.794092984927098566e-01
9.795621098362788937e-01
9.797134343574144255e-01
9.798632897790482410e-01
9.800116935765691428e-01
9.801586629817480301e-01
9.803042149865935917e-01
9.804483663471418309e-01
9.805911335871778656e-01
9.807325330018945575e-01
9.808725808477076757e-01
9.810112944568217808e-01
9.811486876592354633e-01
9.812847758792362374e-01
9.814195743294674701e-01
9.815530980142320727e-01
9.816853617327380155e-01
9.818163800822875542e-01
9.819461674614131663e-01
9.820747380729573095e-01
9.822021059271015542e-01
9.823282848443420923e-01
9.824532884584148418e-01
9.825771302191714796e-01
9.826998233954042927e-01
9.828213810776249559e-01
9.829418161807950138e-01
9.830611414470099563e-01
9.831793694481376633e-01
9.832965125884125523e-01
9.834125831069856494e-01
9.835275930804314726e-01
9.836415544252121723e-01
9.837544789001012591e-01
9.838663781085655868e-01
9.839772635011075907e-01
9.840871463775682226e-01
9.841960378893915840e-01
9.843039490418512560e-01
9.844108906962397709e-01
9.845168735720212227e-01
9.846219082489483521e-01
9.847260051691444360e-01
9.848291746391505397e-01
9.849314268319384613e-01
9.850327717888909262e-01
9.851332194217489180e-01
9.852327795145268130e-01
9.853314617253955410e-01
9.854292755885355470e-01
9.855262305159588898e-01
9.856223357993012524e-01
9.857176006115853095e-01
9.858120340089543410e-01
9.859056449323780891e-01
9.859984422093310830e-01
9.860904345554430961e-01
9.861816305761226253e-01
9.862720387681551681e-01
9.863616675212740770e-01
9.864505251197072111e-01
9.865386197436981641e-01
9.866259594710026226e-01
9.867125522783614100e-01
9.867984060429491056e-01
9.868835285438000149e-01
9.869679274632104926e-01
9.870516103881201708e-01
9.871345848114695398e-01
9.872168593872229225e-01
9.872984402695063055e-01
9.873793344968341268e-01
9.874595492036662980e-01
9.875390914367468964e-01
9.876179681563426183e-01
9.876961862374611378e-01
9.877737524710498151e-01
9.878506735651763071e-01
9.879269561461901938e-01
9.880026067598662864e-01
9.880776318725303931e-01
9.881520378721666553e-01
9.882258310695087866e-01
9.882990176991129916e-01
9.883716039204152315e-01
9.884435958187710591e-01
9.885149994064803547e-01
9.885858206237951862e-01
9.886560653399126819e-01
9.887257393539523598e-01
9.887948483959181356e-01
9.888633981276462315e-01
9.889313941437373190e-01
9.889988419724755619e-01
9.890657470767328929e-01
9.891321148548591902e-01
9.891979506415597978e-01
9.892632597087586133e-01
9.893280472664484071e-01
9.893923184635287083e-01
9.894560783886300337e-01
9.895193320709263496e-01
9.895820844809347649e-01
9.896443405313034569e-01
9.897061050775876057e-01
9.897673829190132277e-01
9.898281787992303515e-01
9.898884974070540910e-01
9.899483433771947283e-01
9.900077212909773605e-01
9.900666356770505550e-01
9.901250910120837911e-01
9.901830917214552441e-01
9.902406421799292424e-01
9.902977467123235122e-01
9.903544095941663183e-01
9.904106350523442792e-01
9.904664272657400792e-01
9.905217903658615208e-01
9.905767284374604742e-01
9.906312455191433886e-01
9.906853456039721451e-01
9.907390326400568048e-01
9.907923105311393641e-01
9.908451831371685170e-01
9.908976542748669791e-01
9.909497277182898189e-01
9.910014071993744622e-01
9.910526964084838131e-01
9.911035989949400493e-01
9.911541185675517562e-01
9.912042586951331780e-01
9.912540229070154751e-01
9.913034146935513213e-01
9.913524375066116168e-01
9.914010947600755408e-01
9.914493898303133879e-01
9.914973260566620761e-01
9.915449071675813686e-01
9.915921366053772612e-01
9.916390169482083294e-01
9.916855513942121059e-01
9.917317431066882127e-01
9.917775952145361229e-01
9.918231108126875917e-01
9.918682929625318723e-01
9.919131446923364903e-01
9.919576689976599138e-01
9.920018688417607811e-01
9.920457471559993579e-01
9.920893068402345527e-01
9.921325507632150487e-01
9.921754817629647727e-01
9.922181026471632581e-01
9.922604161935200118e-01
9.923024251501449955e-01
9.923441322359125571e-01
9.923855401408211430e-01
9.924266515263474586e-01
9.924674690257964116e-01
9.925079952446455023e-01
9.925482327608846633e-01
9.925881841253521021e-01
9.926278518620641478e-01
9.926672384685417683e-01
9.927063464161320905e-01
9.927451781503257022e-01
9.927837360910691800e-01
9.928220226330739528e-01
9.928600401461205038e-01
9.928977909753584630e-01
9.929352774416029259e-01
9.929725018416265536e-01
9.930094664484474531e-01
9.930461735116136168e-01
9.930826252574831425e-01
9.931188238895010123e-01
9.931547715884718741e-01
9.931904705128288269e-01
9.932259227988997630e-01
9.932611305611686037e-01
9.932960958925343142e-01
9.933308208645657000e-01
9.933653075277528721e-01
9.933995579117558261e-01
9.934335740256491354e-01
9.934673578581637576e-01
9.935009113779255108e-01
9.935342365336902182e-01
9.935673352545761894e-01
9.936002094502932591e-01
9.936328610113684956e-01
9.936652918093700215e-01
9.936975036971266162e-01
9.937294985089450972e-01
9.937612780608250374e-01
9.937928441506701516e-01
9.938241985584971294e-01
9.938553430466419147e-01
9.938862793599628764e-01
9.939170092260419809e-01
9.939475343553826336e-01
9.939778564416051898e-01
9.940079771616404658e-01
9.940378981759200316e-01
9.940676211285640607e-01
9.940971476475674029e-01
9.941264793449826609e-01
9.941556178171011560e-01
