# a
1.000000000000000000e+00
9.900793650793652256e-01
9.803536345776031613e-01
9.708171206225681971e-01
9.614643545279383252e-01
9.522900763358779219e-01
9.432892249527409234e-01
9.344569288389513728e-01
9.257884972170685733e-01
9.172794117647059542e-01
9.089253187613843821e-01
9.007220216606498520e-01
8.926654740608229721e-01
8.847517730496453625e-01
8.769771528998243637e-01
8.693379790940766183e-01
8.618307426597582310e-01
8.544520547945204658e-01
8.471986417657045854e-01
8.400673400673399627e-01
8.330550918196995003e-01
8.261589403973510493e-01
8.193760262725779953e-01
8.127035830618892787e-01
8.061389337641357011e-01
7.996794871794872250e-01
7.933227344992050956e-01
7.870662460567823260e-01
7.809076682316118401e-01
7.748447204968944568e-01
7.688751926040061635e-01
7.629969418960245164e-01
7.572078907435508821e-01
7.515060240963855609e-01
7.458893871449924218e-01
7.403560830860533848e-01
7.349042709867452672e-01
7.295321637426900319e-01
7.242380261248185791e-01
7.190201729106627804e-01
7.138769670958512448e-01
7.088068181818181213e-01
7.038081805359661658e-01
6.988795518207283619e-01
6.940194714881779969e-01
6.892265193370165077e-01
6.844993141289437144e-01
6.798365122615803724e-01
6.752368064952638527e-01
6.706989247311828661e-01
6.662216288384513740e-01
6.618037135278515004e-01
6.574440052700921688e-01
6.531413612565445392e-01
6.488946684005202359e-01
6.447028423772609429e-01
6.405648267008985375e-01
6.364795918367346372e-01
6.324461343472750352e-01
6.284634760705289924e-01
6.245306633291615173e-01
6.206467661691542625e-01
6.168108776266996163e-01
6.130221130221129577e-01
6.092796092796093355e-01
6.055825242718446688e-01
6.019300361881785300e-01
5.983213429256594162e-01
5.947556615017878245e-01
5.912322274881517403e-01
5.877502944640753402e-01
5.843091334894613409e-01
5.809080325960419566e-01
5.775462962962962798e-01
5.742232451093209900e-01
5.709382151029748220e-01
5.676905574516496467e-01
5.644796380090497667e-01
5.613048368953880152e-01
5.581655480984339945e-01
5.550611790878754448e-01
5.519911504424778181e-01
5.489548954895490107e-01
5.459518599562364072e-01
5.429815016322089294e-01
5.400432900432899919e-01
5.371367061356296935e-01
5.342612419700214499e-01
5.314164004259851470e-01
5.286016949152542166e-01
5.258166491043203550e-01
5.230607966457023750e-01
5.203336809176225541e-01
5.176348547717842807e-01
5.149638802889577871e-01
5.123203285420944164e-01
5.097037793667007488e-01
5.071138211382113514e-01
5.045500505561173465e-01
5.020120724346076591e-01
4.994994994994995663e-01
4.970119521912351179e-01
4.945490584737363693e-01
4.921104536489152026e-01
4.896957801766437246e-01
4.873046874999999445e-01
4.849368318756073770e-01
4.825918762088975966e-01
4.802694898941290425e-01
4.779693486590038676e-01
4.756911344137273456e-01
4.734345351043642847e-01
4.711992445703493404e-01
4.689849624060150601e-01
4.667913938260055962e-01
4.646182495344506891e-01
4.624652455977757426e-01
4.603321033210332480e-01
4.582185491276400402e-01
4.561243144424131368e-01
4.540491355777980242e-01
4.519927536231884146e-01
4.499549143372408300e-01
4.479353680430880336e-01
4.459338695263628249e-01
4.439501779359430467e-01
4.419840566873338705e-01
4.400352733686066498e-01
4.381035996488147344e-01
4.361888111888112540e-01
4.342906875543951495e-01
4.324090121317157864e-01
4.305435720448662629e-01
4.286941580756013503e-01
4.268605645851154540e-01
4.250425894378194180e-01
4.232400339270568357e-01
4.214527027027027417e-01
4.196804037005887333e-01
4.179229480737018387e-01
4.161801501251042312e-01
4.144518272425248839e-01
4.127377998345740373e-01
4.110378912685337949e-01
4.093519278096801051e-01
4.076797385620915537e-01
4.060211554109031673e-01
4.043760129659643154e-01
4.027441485068603555e-01
4.011254019292603834e-01
3.995196156925540643e-01
3.979266347687400729e-01
3.963463065925337814e-01
3.947784810126582222e-01
3.932230102442868525e-01
3.916797488226059221e-01
3.901485535574667485e-01
3.886292834890965886e-01
3.871217998448409636e-01
3.856259659969088482e-01
3.841416474210931908e-01
3.826687116564417290e-01
3.812070282658517884e-01
3.797564687975646391e-01
3.783169067475360414e-01
3.768882175226586084e-01
3.754702784048156716e-01
3.740629685157421669e-01
3.726661687826736680e-01
3.712797619047619180e-01
3.699036323202372079e-01
3.685376661742983950e-01
3.671817512877115774e-01
3.658357771260997704e-01
3.644996347699051009e-01
3.631732168850073106e-01
3.618564176939811361e-01
3.605491329479768581e-01
3.592512598992080308e-01
3.579626972740315716e-01
3.566833452466047216e-01
3.554131054131054457e-01
3.541518807665010593e-01
3.528995756718529275e-01
3.516560958421423577e-01
3.504213483146066954e-01
3.491952414275717453e-01
3.479776847977684717e-01
3.467685892981237639e-01
3.455678670360111115e-01
3.443754313319530858e-01
3.431911966987620244e-01
3.420150788211103188e-01
3.408469945355191433e-01
3.396868618107556359e-01
3.385345997286296482e-01
3.373901284651791843e-01
3.362533692722372014e-01
3.351242444593687253e-01
3.340026773761713419e-01
3.328885923949299608e-01
3.317819148936170248e-01
3.306825712392312822e-01
3.295904887714663500e-01
3.285055957867017984e-01
3.274278215223097033e-01
3.263570961412687876e-01
3.252933507170795435e-01
3.242365172189733968e-01
3.231865284974093089e-01
3.221433182698514863e-01
3.211068211068211498e-01
3.200769724182168097e-01
3.190537084398977208e-01
3.180369662205226322e-01
3.170266836086404472e-01
3.160227992400253538e-01
3.150252525252525415e-01
3.140339836375078963e-01
3.130489335006273466e-01
3.120700437773608615e-01
3.110972568578553310e-01
3.101305158483530500e-01
3.091697645600991473e-01
3.082149474984558490e-01
3.072660098522168037e-01
3.063228974831184726e-01
3.053855569155446981e-01
3.044539353264185677e-01
3.035279805352798510e-01
3.026076409945421819e-01
3.016928657799274327e-01
3.007836045810729497e-01
2.998798076923077094e-01
2.989814260035949522e-01
2.980884109916367986e-01
2.972007147111376257e-01
2.963182897862233212e-01
2.954410894020130240e-01
2.945690672963400258e-01
2.937021777516186094e-01
2.928403755868544955e-01
2.919836161497951776e-01
2.911318553092182015e-01
2.902850494473531162e-01
2.894431554524362071e-01
2.886061307113938490e-01
2.877739331026528680e-01
2.869465209890741941e-01
2.861238532110091937e-01
2.853058890794739622e-01
2.844925883694413016e-01
2.836839113132461621e-01
2.828798185941043264e-01
2.820802713397399519e-01
2.812852311161218033e-01
2.804946599213041236e-01
2.797085201793721998e-01
2.789267747344885695e-01
2.781493868450390372e-01
2.773763201778766119e-01
2.766075388026607573e-01
2.758430071862907895e-01
2.750826901874310892e-01
2.743265530511270200e-01
2.735745614035087758e-01
2.728266812465828250e-01
2.720828789531079539e-01
2.713431212615551869e-01
2.706073752711496971e-01
2.698756084369929864e-01
2.691477885652642787e-01
2.684238838084991863e-01
2.677038626609442029e-01
2.669876939539860827e-01
2.662753468516542155e-01
2.655667908461947779e-01
2.648619957537154956e-01
2.641609317098994048e-01
2.634635691657866707e-01
2.627698788836229649e-01
2.620798319327731218e-01
2.613933996856993014e-01
2.607105538140020995e-01
2.600312662845232214e-01
2.593555093555093838e-01
2.586832555728356686e-01
2.580144777662874978e-01
2.573491490458999498e-01
2.566872427983539207e-01
2.560287326834274069e-01
2.553735926305015780e-01
2.547217968351199735e-01
2.540733197556008238e-01
2.534281361097003304e-01
2.527862208713272940e-01
2.521475492673067031e-01
2.515120967741935609e-01
2.508798391151332297e-01
2.502507522567703480e-01
2.496248124062031004e-01
2.490019960079840333e-01
2.483822797411648076e-01
2.477656405163853326e-01
2.471520554730064767e-01
2.465415019762846049e-01
2.459339576145884720e-01
2.453294001966568327e-01
2.447278077488965198e-01
2.441291585127201569e-01
2.435334309419228682e-01
2.429406037000973462e-01
2.423506556580864169e-01
2.417635658914728813e-01
2.411793136781053837e-01
2.405978784956605554e-01
2.400192400192400211e-01
2.394433781190019594e-01
2.388702728578267487e-01
2.382999044890162510e-01
2.377322534540257382e-01
2.371673003802281521e-01
2.366050260787102844e-01
2.360454115421002919e-01
2.354884379424256602e-01
2.349340866290018648e-01
2.343823391263503697e-01
2.338331771321461861e-01
2.332865825151940187e-01
2.327425373134328346e-01
2.322010237319683534e-01
2.316620241411328218e-01
2.311255210745715993e-01
2.305914972273567787e-01
2.300599354541263408e-01
2.295308187672493172e-01
2.290041303350160706e-01
2.284798534798534730e-01
2.279579716765646469e-01
2.274384685505925208e-01
2.269213278763073938e-01
2.264065335753175923e-01
2.258940697148031085e-01
2.253839205058717488e-01
2.248760703019378193e-01
2.243705035971222950e-01
2.238672050246747758e-01
2.233661593554163161e-01
2.228673514962036806e-01
2.223707664884135571e-01
2.218763895064473357e-01
2.213842058562555393e-01
2.208942009738822376e-01
2.204063604240282526e-01
2.199206698986337361e-01
2.194371152154793170e-01
2.189556823168055943e-01
2.184763572679509769e-01
2.179991262560070087e-01
2.175239755884917081e-01
2.170508916920400044e-01
2.165798611111111327e-01
2.161108705067129043e-01
2.156439066551426309e-01
2.151789564467443128e-01
2.147160068846815928e-01
2.142550450837269194e-01
2.137960582690659750e-01
2.133390337751175647e-01
2.128839590443685759e-01
2.124308216262238980e-01
2.119796091758708312e-01
2.115303094531581218e-01
2.110829103214890146e-01
2.106373997467285708e-01
2.101937657961247263e-01
2.097519966372425604e-01
2.093120805369127757e-01
2.088740058601925575e-01
2.084377610693400329e-01
2.080033347228011642e-01
2.075707154742096605e-01
2.071398920713989067e-01
2.067108533554266603e-01
2.062835882596114057e-01
2.058580858085808374e-01
2.054343351173322507e-01
2.050123253903040343e-01
2.045920459204592090e-01
2.041734860883797076e-01
2.037566353613720072e-01
2.033414832925835580e-01
2.029280195201301484e-01
2.025162337662337886e-01
2.021061158363710031e-01
2.016976556184316982e-01
2.012908430818878547e-01
2.008856682769726287e-01
2.004821213338690289e-01
2.000801924619085570e-01
1.996798719487795359e-01
1.992811501597444301e-01
1.988840175368672969e-01
1.984884645982498141e-01
1.980944819372766896e-01
1.977020602218700351e-01
1.973111901937524837e-01
1.969218626677190498e-01
1.965340685309177049e-01
1.961477987421383629e-01
1.957630443311102475e-01
1.953797963978073648e-01
1.949980461117624131e-01
1.946177847113884363e-01
1.942390035033086937e-01
1.938616938616938845e-01
1.934858472276076158e-01
1.931114551083591424e-01
1.927385090768636566e-01
1.923670007710100160e-01
1.919969218930357713e-01
1.916282642089093824e-01
1.912610195477194575e-01
1.908951798010711798e-01
1.905307369224895075e-01
1.901676829268292845e-01
1.898060098896919012e-01
1.894457099468488948e-01
1.890867752936718771e-01
1.887291981845688471e-01
1.883729709324273305e-01
1.880180859080633204e-01
1.876645355396765746e-01
1.873123123123123235e-01
1.869614087673285852e-01
1.866118175018698366e-01
1.862635311683464023e-01
1.859165424739195327e-01
1.855708441799925612e-01
1.852264291017075015e-01
1.848832901074471957e-01
1.845414201183431802e-01
1.842008121077888527e-01
1.838614591009580246e-01
1.835233541743288010e-01
1.831864904552129303e-01
1.828508611212898427e-01
1.825164594001462970e-01
1.821832785688207446e-01
1.818513119533527733e-01
1.815205529283376029e-01
1.811909949164851319e-01
1.808626313881841474e-01
1.805354558610709204e-01
1.802094618996027409e-01
1.798846431146358948e-01
1.795609931630082756e-01
1.792385057471264365e-01
1.789171746145571951e-01
1.785969935576234846e-01
1.782779564130046457e-01
1.779600570613409372e-01
1.776432894268422935e-01
1.773276474769012179e-01
1.770131252217098106e-01
1.766997167138810443e-01
1.763874160480735365e-01
1.760762173606210401e-01
1.757661148291652098e-01
1.754571026722925586e-01
1.751491751491751347e-01
1.748423265592151388e-01
1.745365512416929277e-01
1.742318435754190153e-01
1.739281979783896814e-01
1.736256089074460773e-01
1.733240708579367739e-01
1.730235783633841951e-01
1.727241259951540209e-01
1.724257083621285325e-01
1.721283201103828986e-01
1.718319559228650151e-01
1.715366105190787305e-01
1.712422786547700693e-01
1.709489551216169800e-01
1.706566347469220257e-01
1.703653123933082936e-01
1.700749829584185524e-01
1.697856413746172410e-01
1.694972826086956486e-01
1.692099016615802032e-01
1.689234935680433425e-01
1.686380533964177142e-01
1.683535762483130971e-01
1.680700572583361529e-01
1.677874915938130651e-01
1.675058744545149525e-01
1.672252010723860594e-01
1.669454667112746649e-01
1.666666666666666574e-01
