# d_a
# unit = Mpc
0.000000000000000000e+00
4.238976137852240811e+01
8.375577318095294288e+01
1.241267742764803614e+02
1.635304531921299258e+02
2.019934980835493832e+02
2.395416438106647945e+02
2.761997163099997010e+02
3.119916744413470724e+02
3.469406494734183184e+02
3.810689823612205487e+02
4.143982589568583990e+02
4.469493432854106914e+02
4.787424090081802319e+02
5.097969691870496831e+02
5.401319044557699272e+02
5.697654896966676006e+02
5.987154193145477166e+02
6.269988311932822853e+02
6.546323294148385230e+02
6.816320058151160310e+02
7.080134604460405399e+02
7.337918210087457282e+02
7.589817613184183074e+02
7.835975188574429922e+02
8.076529114697839304e+02
8.311613532461444720e+02
8.541358696462676789e+02
8.765891119017852589e+02
8.985333707402760410e+02
9.199805894686368219e+02
9.409423764514679078e+02
9.614300170179869838e+02
9.814544848288691128e+02
1.001026452732505959e+03
1.020156303138357316e+03
1.038854137933396942e+03
1.057129787966046933e+03
1.074992822120565052e+03
1.092452556003443760e+03
1.109518060262097379e+03
1.126198168554924905e+03
1.142501485190681024e+03
1.158436392454070074e+03
1.174011057633449809e+03
1.189233439765641833e+03
1.204111296111957927e+03
1.218652188378739766e+03
1.232863488694964190e+03
1.246752385358726315e+03
1.260325888363772037e+03
1.273590834716592553e+03
1.286553893554033948e+03
1.299221571070793061e+03
1.311600215265676297e+03
1.323696020514987140e+03
1.335515031980962931e+03
1.347063149862757882e+03
1.358346133497033406e+03
1.369369605314880346e+03
1.380139054661395448e+03
1.390659841483934997e+03
1.400937199894718788e+03
1.410976241613194134e+03
1.420781959293256477e+03
1.430359229740181718e+03
1.439712817021863884e+03
1.448847375478725553e+03
1.457767452636441476e+03
1.466477492025422634e+03
1.474981835910778727e+03
1.483284727936332729e+03
1.491390315686064469e+03
1.499302653166191021e+03
1.507025703210957545e+03
1.514563339815042127e+03
1.521919350395362471e+03
1.529097437984910812e+03
1.536101223361169787e+03
1.542934247111484183e+03
1.549599971637706631e+03
1.556101783102291620e+03
1.562442993317946730e+03
1.568626841582827637e+03
1.574656496463197300e+03
1.580535057525363982e+03
1.586265557018665277e+03
1.591850961511149762e+03
1.597294173479578831e+03
1.602598032855261636e+03
1.607765318527214049e+03
1.612798749804034514e+03
1.617700987835857177e+03
1.622474636997673088e+03
1.627122246235277316e+03
1.631646310375012717e+03
1.636049271398483370e+03
1.640333519683323175e+03
1.644501395211093040e+03
1.648555188743310055e+03
1.652497142966607043e+03
1.656329453607954974e+03
1.660054270520859518e+03
1.663673698743410569e+03
1.667189799529021911e+03
1.670604591350678220e+03
1.673920050879474275e+03
1.677138113938190145e+03
1.680260676430651984e+03
1.683289595247558282e+03
1.686226689149470076e+03
1.689073739627606528e+03
1.691832491743090713e+03
1.694504654945242692e+03
1.697091903869530370e+03
1.699595879115732032e+03
1.702018188006870560e+03
1.704360405329457080e+03
1.706624074055552910e+03
1.708810706047161602e+03
1.710921782743419953e+03
1.712958755831073859e+03
1.714923047898679897e+03
1.716816053074981710e+03
1.718639137651879537e+03
1.720393640692410827e+03
1.722080874624145508e+03
1.723702125818374952e+03
1.725258655155475481e+03
1.726751698576815670e+03
1.728182467623555567e+03
1.729552149962680687e+03
1.730861909900609817e+03
1.732112888884697668e+03
1.733306205992939113e+03
1.734442958412196731e+03
1.735524221905223840e+03
1.736551051266798595e+03
1.737524480769218599e+03
1.738445524597453414e+03
1.739315177274203734e+03
1.740134414075121413e+03
1.740904191434452059e+03
1.741625447341331437e+03
1.742299101726970775e+03
1.742926056842967000e+03
1.743507197630950031e+03
1.744043392083798608e+03
1.744535491598610633e+03
1.744984331321658601e+03
1.745390730485514950e+03
1.745755492738529256e+03
1.746079406466884848e+03
1.746363245109369700e+03
1.746607767465066217e+03
1.746813717994140006e+03
1.746981827111873372e+03
1.747112811476125898e+03
1.747207374268373087e+03
1.747266205468489943e+03
1.747289982123409118e+03
1.747279368609825497e+03
1.747235016891075929e+03
1.747157566768343713e+03
1.747047646126312429e+03
1.746905871173406240e+03
1.746732846676763529e+03
1.746529166192033472e+03
1.746295412288156967e+03
1.746032156767219703e+03
1.745739960879519913e+03
1.745419375533943821e+03
1.745070941503767472e+03
1.744695189628005437e+03
1.744292641008378951e+03
1.743863807202043063e+03
1.743409190410146721e+03
1.742929283662334228e+03
1.742424570997281080e+03
1.741895527639351485e+03
1.741342620171481485e+03
1.740766306704353610e+03
1.740167037041969252e+03
1.739545252843697654e+03
1.738901387782864504e+03
1.738235867701995858e+03
1.737549110764749457e+03
1.736841527604654402e+03
1.736113521470698743e+03
1.735365488369854575e+03
1.734597817206600212e+03
1.733810889919519013e+03
1.733005081615035351e+03
1.732180760698346830e+03
1.731338289001629164e+03
1.730478021909564859e+03
1.729600308482263245e+03
1.728705491575623910e+03
1.727793907959205399e+03
1.726865888431659641e+03
1.725921757933773506e+03
1.724961835659184999e+03
1.723986435162817997e+03
1.722995864467094407e+03
1.721990426165954204e+03
1.720970417526762049e+03
1.719936130590120229e+03
1.718887852267645258e+03
1.717825864437764039e+03
1.716750444039544391e+03
1.715661863164637225e+03
1.714560389147347678e+03
1.713446284652888380e+03
1.712319807763849212e+03
1.711181212064921056e+03
1.710030746725922654e+03
1.708868656583155143e+03
1.707695182219125854e+03
1.706510560040677547e+03
1.705315022355555811e+03
1.704108797447452389e+03
1.702892109649549639e+03
1.701665179416607998e+03
1.700428223395620989e+03
1.699181454495070511e+03
1.697925081952815617e+03
1.696659311402636376e+03
1.695384344939475568e+03
1.694100380274878034e+03
1.692807614405614231e+03
1.691506238307710873e+03
1.690196440547836801e+03
1.688878406461291661e+03
1.687552318209944133e+03
1.686218354839036692e+03
1.684876692332895118e+03
1.683527503669546832e+03
1.682170958874290818e+03
1.680807225072225719e+03
1.679436466539768844e+03
1.678058844755176096e+03
1.676674518448096705e+03
1.675283643648174348e+03
1.673886373732713082e+03
1.672482859473434928e+03
1.671073249082344546e+03
1.669657688256714891e+03
1.668236320223220673e+03
1.666809285781231438e+03
1.665376723345280652e+03
1.663938768986735568e+03
1.662495556474671275e+03
1.661047217315980333e+03
1.659593880794724100e+03
1.658135674010738512e+03
1.656672721917522495e+03
1.655205147359409239e+03
1.653733071108044442e+03
1.652256611898184246e+03
1.650775886462818789e+03
1.649291009567647961e+03
1.647802094044912337e+03
1.646309250826596553e+03
1.644812588977016276e+03
1.643312215724803309e+03
1.641808236494297716e+03
1.640300754936361727e+03
1.638789872958629303e+03
1.637275690755190226e+03
1.635758306835737812e+03
1.634237818054181844e+03
1.632714319636730579e+03
1.631187905209465043e+03
1.629658666825414002e+03
1.628126694991123941e+03
1.626592078692759742e+03
1.625054905421718331e+03
1.623515261199791212e+03
1.621973230603857246e+03
1.620428896790144336e+03
1.618882341518039993e+03
1.617333645173478317e+03
1.615782886791911551e+03
1.614230144080859873e+03
1.612675493442063271e+03
1.611119009993232567e+03
1.609560767589416173e+03
1.608000838843983047e+03
1.606439295149230020e+03
1.604876206696625559e+03
1.603311642496694503e+03
1.601745670398544917e+03
1.600178357109054787e+03
1.598609768211717892e+03
1.597039968185153157e+03
1.595469020421294772e+03
1.593896987243257854e+03
1.592323929922886464e+03
1.590749908698001946e+03
1.589174982789344995e+03
1.587599210417218046e+03
1.586022648817843219e+03
1.584445354259429905e+03
1.582867382057964733e+03
1.581288786592728911e+03
1.579709621321540681e+03
1.578129938795739463e+03
1.576549790674906490e+03
1.574969227741328723e+03
1.573388299914225399e+03
1.571807056263713093e+03
1.570225545024538178e+03
1.568643813609578956e+03
1.567061908623103818e+03
1.565479875873810442e+03
1.563897760387641711e+03
1.562315606420378117e+03
1.560733457470021222e+03
1.559151356288959278e+03
1.557569344895931408e+03
1.555987464587787372e+03
1.554405755951045876e+03
1.552824258873258486e+03
1.551243012554181178e+03
1.549662055516755345e+03
1.548081425617909417e+03
1.546501160059170161e+03
1.544921295397100948e+03
1.543341867553564725e+03
1.541762911825809169e+03
1.540184462896394734e+03
1.538606554842940341e+03
1.537029221147719909e+03
1.535452494707092228e+03
1.533876407840777347e+03
1.532300992300972212e+03
1.530726279281323514e+03
1.529152299425743422e+03
1.527579082837086389e+03
1.526006659085675665e+03
1.524435057217694748e+03
1.522864305763436505e+03
1.521294432745416543e+03
1.519725465686356983e+03
1.518157431617034035e+03
1.516590357083997787e+03
1.515024268157166716e+03
1.513459190437299867e+03
1.511895149063341933e+03
1.510332168719649871e+03
1.508770273643105156e+03
1.507209487630105968e+03
1.505649834043448891e+03
1.504091335819091000e+03
1.502534015472819419e+03
1.500977895106790584e+03
1.499422996415978787e+03
1.497869340694518996e+03
1.496316948841941212e+03
1.494765841369307054e+03
1.493216038405250629e+03
1.491667559701917526e+03
1.490120424640815145e+03
1.488574652238553199e+03
1.487030261152516914e+03
1.485487269686428590e+03
1.483945695795825941e+03
1.482405557093460857e+03
1.480866870854599938e+03
1.479329654022248860e+03
1.477793923212291475e+03
1.476259694718544779e+03
1.474726984517737947e+03
1.473195808274407682e+03
1.471666181345721725e+03
1.470138118786219138e+03
1.468611635352479198e+03
1.467086745507722298e+03
1.465563463426325825e+03
1.464041802998278399e+03
1.462521777833563419e+03
1.461003401266468472e+03
1.459486686359829719e+03
1.457971645909215795e+03
1.456458292447034637e+03
1.454946638246583689e+03
1.453436695326038034e+03
1.451928475452370321e+03
1.450421990145213840e+03
1.448917250680663983e+03
1.447414268095022408e+03
1.445913053188477079e+03
1.444413616528736611e+03
1.442915968454592985e+03
1.441420119079444703e+03
1.439926078294753097e+03
1.438433855773451796e+03
1.436943460973300716e+03
1.435454903140192073e+03
1.433968191311398868e+03
1.432483334318780862e+03
1.431000340791935514e+03
1.429519219161300725e+03
1.428039977661218472e+03
1.426562624332936366e+03
1.425087167027578971e+03
1.423613613409058871e+03
1.422141970956959085e+03
1.420672246969356365e+03
1.419204448565610619e+03
1.417738582689108853e+03
1.416274656109969328e+03
1.414812675427700697e+03
1.413352647073823164e+03
1.411894577314451908e+03
1.410438472252835936e+03
1.408984337831863286e+03
1.407532179836528258e+03
1.406082003896353854e+03
1.404633815487791708e+03
1.403187619936569263e+03
1.401743422420014667e+03
1.400301227969340516e+03
1.398861041471892577e+03
1.397422867673369865e+03
1.395986711180002658e+03
1.394552576460708678e+03
1.393120467849206989e+03
1.391690389546106189e+03
1.390262345620959422e+03
1.388836340014287998e+03
1.387412376539575916e+03
1.385990458885233238e+03
1.384570590616533536e+03
1.383152775177515650e+03
1.381737015892865202e+03
1.380323315969764280e+03
1.378911678499706568e+03
1.377502106460302684e+03
1.376094602717040289e+03
1.374689170025030535e+03
1.373285811030721788e+03
1.371884528273591741e+03
1.370485324187812239e+03
1.369088201103890469e+03
1.367693161250284447e+03
1.366300206754999181e+03
1.364909339647151910e+03
1.363520561858520296e+03
1.362133875225064685e+03
1.360749281488430597e+03
1.359366782297424379e+03
1.357986379209472716e+03
1.356608073692057133e+03
1.355231867124128485e+03
1.353857760797498713e+03
1.352485755918219411e+03
1.351115853607925374e+03
1.349748054905177696e+03
1.348382360766769580e+03
1.347018772069026227e+03
1.345657289609076088e+03
1.344297914106108919e+03
1.342940646202615198e+03
1.341585486465605072e+03
1.340232435387811620e+03
1.338881493388874787e+03
1.337532660816507814e+03
1.336185937947652292e+03
1.334841324989605710e+03
1.333498822081143771e+03
1.332158429293618838e+03
1.330820146632046544e+03
1.329483974036172185e+03
1.328149911381526863e+03
1.326817958480466132e+03
1.325488115083191360e+03
1.324160380878759270e+03
1.322834755496075331e+03
1.321511238504873972e+03
1.320189829416682414e+03
1.318870527685774277e+03
1.317553332710103405e+03
1.316238243832230182e+03
1.314925260340234900e+03
1.313614381468607007e+03
1.312305606399137105e+03
1.310998934261786872e+03
1.309694364135545129e+03
1.308391895049277309e+03
1.307091525982560142e+03
1.305793255866500658e+03
1.304497083584551774e+03
1.303203007973306967e+03
1.301911027823288578e+03
1.300621141879725428e+03
1.299333348843316571e+03
1.298047647370985032e+03
1.296764036076620641e+03
1.295482513531813311e+03
