# d_l
# unit = Mpc
0.000000000000000000e+00
4.324351157757095621e+01
8.714635471943675782e+01
1.317014680934976241e+02
1.769018052228116176e+02
2.227403373070335135e+02
2.692100559661216153e+02
3.163039759040897820e+02
3.640151374909121387e+02
4.123366092608684994e+02
4.612614903259593575e+02
5.107829127031745315e+02
5.608940435547182233e+02
6.115880873404770455e+02
6.628582878822509201e+02
7.146979303395138459e+02
7.671003430966162568e+02
8.200588995616178636e+02
8.735670198770474144e+02
9.276181725431382574e+02
9.822058759541906738e+02
1.037323699848926935e+03
1.092965266675814973e+03
1.149124252874479907e+03
1.205794390074484454e+03
1.262969466212820635e+03
1.320643326571611624e+03
1.378809874737592054e+03
1.437463073485041832e+03
1.496596945583909701e+03
1.556205574534958942e+03
1.616283105233778315e+03
1.676823744565637526e+03
1.737821761933121024e+03
1.799271489718568091e+03
1.861167323683360564e+03
1.923503723306136180e+03
1.986275212061971160e+03
2.049476377644654804e+03
2.113101872134146561e+03
2.177146412111280370e+03
2.241604778721843104e+03
2.306471817692044169e+03
2.371742439297492638e+03
2.437411618287660986e+03
2.503474393767877245e+03
2.569925869040827365e+03
2.636761211409497264e+03
2.703975651943496814e+03
2.771564485210612929e+03
2.839523068975483056e+03
2.907846823867126204e+03
2.976531233017142313e+03
3.045571841670264803e+03
3.114964256768950690e+03
3.184704146513614432e+03
3.254787239900079385e+03
3.325209326235811204e+03
3.395966254636353824e+03
3.467053933503447752e+03
3.538468329986182653e+03
3.610205469426545278e+03
3.682261434790605108e+03
3.754632366086626462e+03
3.827314459771262136e+03
3.900303968144985447e+03
3.973597198737847521e+03
4.047190513686613940e+03
4.121080329104286648e+03
4.195263114442999722e+03
4.269735391851138957e+03
4.344493735525617922e+03
4.419534771060151797e+03
4.494855174790257479e+03
4.570451673135810779e+03
4.646321041941820113e+03
4.722460105818141528e+03
4.798865737478710798e+03
4.875534857080988331e+03
4.952464431566115309e+03
5.029651474000369490e+03
5.107093042918391802e+03
5.184786241668693037e+03
5.262728217761887208e+03
5.340916162222056300e+03
5.419347308941632036e+03
5.498018934040208478e+03
5.576928355227571046e+03
5.656072931171311211e+03
5.735450060869260597e+03
5.815057183027086467e+03
5.894891775441257778e+03
5.974951354387609172e+03
6.055233474015724823e+03
6.135735725749382254e+03
6.216455737693123410e+03
6.297391174045220396e+03
6.378539734517113175e+03
6.459899153759500223e+03
6.541467200795117606e+03
6.623241678458384740e+03
6.705220422841980508e+03
6.787401302750378818e+03
6.869782219160484601e+03
6.952361104689358399e+03
7.035135923069101409e+03
7.118104668628934633e+03
7.201265365784471214e+03
7.284616068534236547e+03
7.368154859963383387e+03
7.451879851754675656e+03
7.535789183706660879e+03
7.619881023259077665e+03
7.704153565025399075e+03
7.788605030332602837e+03
7.873233666767995601e+03
7.958037747733168544e+03
8.043015572004973365e+03
8.128165463303503202e+03
8.213485769867033014e+03
8.298974864033820268e+03
8.384631141830781417e+03
8.470453022568886809e+03
8.556438948445345886e+03
8.642587384152333470e+03
8.728896816492364451e+03
8.815365754000167726e+03
8.901992726570957529e+03
8.988776285095065759e+03
9.075715001098897119e+03
9.162807466392043352e+03
9.250052292720514743e+03
9.337448111426063406e+03
9.424993573111438309e+03
9.512687347311526537e+03
9.600528122170308052e+03
9.688514604123514800e+03
9.776645517586952337e+03
9.864919604650343899e+03
9.953335624776667828e+03
1.004189235450690103e+04
1.013058858717001749e+04
1.021942313259826733e+04
1.030839481684758175e+04
1.039750248192300751e+04
1.048674498550916906e+04
1.057612120070557830e+04
1.066563001576683200e+04
1.075527033384745846e+04
1.084504107275149545e+04
1.093494116468662105e+04
1.102496955602274829e+04
1.111512520705513452e+04
1.120540709177175631e+04
1.129581419762495534e+04
1.138634552530735709e+04
1.147700008853183135e+04
1.156777691381554177e+04
1.165867504026795723e+04
1.174969351938279760e+04
1.184083141483376312e+04
1.193208780227406533e+04
1.202346176913963245e+04
1.211495241445598913e+04
1.220655884864863583e+04
1.229828019335694626e+04
1.239011558125153169e+04
1.248206415585491595e+04
1.257412507136555359e+04
1.266629749248506050e+04
1.275858059424866406e+04
1.285097356185873650e+04
1.294347559052140059e+04
1.303608588528618202e+04
1.312880366088852679e+04
1.322162814159526897e+04
1.331455856105293606e+04
1.340759416213878831e+04
1.350073419681465566e+04
1.359397792598335946e+04
1.368732461934788807e+04
1.378077355527298459e+04
1.387432402064938287e+04
1.396797531076051018e+04
1.406172672915149815e+04
1.415557758750078574e+04
1.424952720549379046e+04
1.434357491069914067e+04
1.443772003844693791e+04
1.453196193170936931e+04
1.462629994098334828e+04
1.472073342417537970e+04
1.481526174648846973e+04
1.490988428031101830e+04
1.500460040510778890e+04
1.509940950731275916e+04
1.519431098022397418e+04
1.528930422390017156e+04
1.538438864505934180e+04
1.547956365697908223e+04
1.557482867939866446e+04
1.567018313842292628e+04
1.576562646642778600e+04
1.586115810196752318e+04
1.595677748968358173e+04
1.605248408021508658e+04
1.614827733011087184e+04
1.624415670174305524e+04
1.634012166322222402e+04
1.643617168831392337e+04
1.653230625635677643e+04
1.662852485218194124e+04
1.672482696603401928e+04
1.682121209349328274e+04
1.691767973539925879e+04
1.701422939777571810e+04
1.711086059175682749e+04
1.720757283351468868e+04
1.730436564418804119e+04
1.740123854981225304e+04
1.749819108125045022e+04
1.759522277412586845e+04
1.769233316875533637e+04
1.778952181008389016e+04
1.788678824762050499e+04
1.798413203537491063e+04
1.808155273179546566e+04
1.817904989970812312e+04
1.827662309645499772e+04
1.837427191267573653e+04
1.847199591452470122e+04
1.856979468174732756e+04
1.866766779817627321e+04
1.876561485167626233e+04
1.886363543408974874e+04
1.896172914118359404e+04
1.905989557259650610e+04
1.915813433178746345e+04
1.925644502598489271e+04
1.935482726613674822e+04
1.945328066686131933e+04
1.955180484639896167e+04
1.965039942656452331e+04
1.974906403270054943e+04
1.984779829363126919e+04
1.994660184161736470e+04
2.004547431231136579e+04
2.014441534471383420e+04
2.024342458113028624e+04
2.034250166712869395e+04
2.044164625149776111e+04
2.054085798620579590e+04
2.064013652636031838e+04
2.073948153016823198e+04
2.083889265889662784e+04
2.093836957683426226e+04
2.103791195125360900e+04
2.113751945237346081e+04
2.123719175332222585e+04
2.133692853010167892e+04
2.143672946155133832e+04
2.153659422931340669e+04
2.163652251779820654e+04
2.173651401415019791e+04
2.183656840821448714e+04
2.193668539250385948e+04
2.203686466216629196e+04
2.213710591495309200e+04
2.223740885118727965e+04
2.233777317373265396e+04
2.243819858796331755e+04
2.253868480173352145e+04
2.263923152534805558e+04
2.273983847153317765e+04
2.284050535540776400e+04
2.294123189445509706e+04
2.304201780849491115e+04
2.314286281965600574e+04
2.324376665234913162e+04
2.334472903324038998e+04
2.344574969122491893e+04
2.354682835740103837e+04
2.364796476504477323e+04
2.374915864958472230e+04
2.385040974857730180e+04
2.395171780168235273e+04
2.405308255063910838e+04
2.415450373924251471e+04
2.425598111331985638e+04
2.435751442070777921e+04
2.445910341122961836e+04
2.456074783667298470e+04
2.466244745076780600e+04
2.476420200916456452e+04
2.486601126941289476e+04
2.496787499094047234e+04
2.506979293503227382e+04
2.517176486480994572e+04
2.527379054521165745e+04
2.537586974297217967e+04
2.547800222660315922e+04
2.558018776637379051e+04
2.568242613429163612e+04
2.578471710408386207e+04
2.588706045117859321e+04
2.598945595268657780e+04
2.609190338738313949e+04
2.619440253569035121e+04
2.629695317965934373e+04
2.639955510295315980e+04
2.650220809082947380e+04
2.660491193012375516e+04
2.670766640923270461e+04
2.681047131809771236e+04
2.691332644818875269e+04
2.701623159248834781e+04
2.711918654547580809e+04
2.722219110311170880e+04
2.732524506282251969e+04
2.742834822348542730e+04
2.753150038541345930e+04
2.763470135034069972e+04
2.773795092140773704e+04
2.784124890314731965e+04
2.794459510147015317e+04
2.804798932365099972e+04
2.815143137831477725e+04
2.825492107542299709e+04
2.835845822626030713e+04
2.846204264342119859e+04
2.856567414079699665e+04
2.866935253356277462e+04
2.877307763816475563e+04
2.887684927230758694e+04
2.898066725494200364e+04
2.908453140625246306e+04
2.918844154764508494e+04
2.929239750173564971e+04
2.939639909233780782e+04
2.950044614445137267e+04
2.960453848425083561e+04
2.970867593907399350e+04
2.981285833741063470e+04
2.991708550889161415e+04
3.002135728427774302e+04
3.012567349544901299e+04
3.023003397539391153e+04
3.033443855819894088e+04
3.043888707903811155e+04
3.054337937416263230e+04
3.064791528089083295e+04
3.075249463759806167e+04
3.085711728370680430e+04
3.096178305967675624e+04
3.106649180699540011e+04
3.117124336816817595e+04
3.127603758670914976e+04
3.138087430713171852e+04
3.148575337493935876e+04
3.159067463661644433e+04
3.169563793961931879e+04
3.180064313236738963e+04
3.190569006423442261e+04
3.201077858553959959e+04
3.211590854753924577e+04
3.222107980241817131e+04
3.232629220328129668e+04
3.243154560414546722e+04
3.253683985993116221e+04
3.264217482645446216e+04
3.274755036041905987e+04
3.285296631940831139e+04
3.295842256187747262e+04
3.306391894714596856e+04
3.316945533538976451e+04
3.327503158763377724e+04
3.338064756574446801e+04
3.348630313242250122e+04
3.359199815119537379e+04
3.369773248641025566e+04
3.380350600322690298e+04
3.390931856761054951e+04
3.401517004632495082e+04
3.412106030692559580e+04
3.422698921775279450e+04
3.433295664792494790e+04
3.443896246733198495e+04
3.454500654662873421e+04
3.465108875722839002e+04
3.475720897129609511e+04
3.486336706174261053e+04
3.496956290221797099e+04
3.507579636710533669e+04
3.518206733151471417e+04
3.528837567127701914e+04
3.539472126293796464e+04
3.550110398375210207e+04
3.560752371167696401e+04
3.571398032536725077e+04
3.582047370416901686e+04
3.592700372811401758e+04
3.603357027791409200e+04
3.614017323495544406e+04
3.624681248129333835e+04
3.635348789964645403e+04
3.646019937339161697e+04
3.656694678655831376e+04
3.667373002382360573e+04
3.678054897050670843e+04
3.688740351256389840e+04
3.699429353658338368e+04
3.710121892978026881e+04
3.720817957999150531e+04
3.731517537567091495e+04
3.742220620588432939e+04
3.752927196030469349e+04
3.763637252920727042e+04
3.774350780346492684e+04
3.785067767454327986e+04
3.795788203449628782e+04
3.806512077596137533e+04
3.817239379215501685e+04
3.827970097686824738e+04
3.838704222446204949e+04
3.849441742986308964e+04
3.860182648855917068e+04
3.870926929659507005e+04
3.881674575056812319e+04
3.892425574762400356e+04
3.903179918545259716e+04
3.913937596228368784e+04
3.924698597688296286e+04
3.935462912854785827e+04
3.946230531710360810e+04
3.957001444289910432e+04
3.967775640680307697e+04
3.978553111020016513e+04
3.989333845498684968e+04
4.000117834356788080e+04
4.010905067885224707e+04
4.021695536424956663e+04
4.032489230366625998e+04
4.043286140150189021e+04
4.054086256264548865e+04
4.064889569247198961e+04
4.075696069683852693e+04
4.086505748208102887e+04
4.097318595501056552e+04
4.108134602290996554e+04
4.118953759353027999e+04
4.129776057508744270e+04
4.140601487625885056e+04
4.151430040617998020e+04
4.162261707444112108e+04
4.173096479108407220e+04
4.183934346659882431e+04
4.194775301192051120e+04
4.205619333842591004e+04
4.216466435793059645e+04
4.227316598268559756e+04
4.238169812537439429e+04
4.249026069910977822e+04
4.259885361743079557e+04
4.270747679429980053e+04
4.281613014409941388e+04
4.292481358162957622e+04
4.303352702210460848e+04
4.314227038115022151e+04
4.325104357480081671e+04
4.335984651949641557e+04
4.346867913207998936e+04
4.357754132979459246e+04
4.368643303028059017e+04
4.379535415157290117e+04
4.390430461209825444e+04
4.401328433067255537e+04
4.412229322649812093e+04
4.423133121916105301e+04
4.434039822862864094e+04
4.444949417524672026e+04
4.455861897973706800e+04
4.466777256319497974e+04
4.477695484708650474e+04
4.488616575324606674e+04
4.499540520387409197e+04
4.510467312153421517e+04
4.521396942915112595e+04
4.532329405000805855e+04
4.543264690774432529e+04
4.554202792635295918e+04
4.565143703017842199e+04
4.576087414391413768e+04
4.587033919260031689e+04
4.597983210162152682e+04
4.608935279670443560e+04
4.619890120391565142e+04
4.630847724965935777e+04
4.641808086067516706e+04
4.652771196403586509e+04
4.663737048714527918e+04
