# d_m
# unit = Mpc
0.000000000000000000e+00
4.281450848652362851e+01
8.543424558938887969e+01
1.278580400362943834e+02
1.700847799733776355e+02
2.121134128171941313e+02
2.539429450417669045e+02
2.955724419028854300e+02
3.370010271019761490e+02
3.782278823918628632e+02
4.192522471268738400e+02
4.600734177597185521e+02
5.006907472876644647e+02
5.411036446505283948e+02
5.813115740830285176e+02
6.213140544240720828e+02
6.611106583855121244e+02
7.007010117829577212e+02
7.400847927311488093e+02
7.792617308064410508e+02
8.182316061788667412e+02
8.569942487162493308e+02
8.955495370627778584e+02
9.338973976944064361e+02
9.720378039534213030e+02
1.009970775064419172e+03
1.047696375133917627e+03
1.085214712135738864e+03
1.122525936884250086e+03
1.159630241997470421e+03
1.196527860851994546e+03
1.233219066531583167e+03
1.269704170771249210e+03
1.305983522898535284e+03
1.342057508773640393e+03
1.377926549729965700e+03
1.413591101516586150e+03
1.449051653244040381e+03
1.484308726334808171e+03
1.519362873479739392e+03
1.554214677601615222e+03
1.588864750826988256e+03
1.623313733467320390e+03
1.657562293010432768e+03
1.691611123123147081e+03
1.725460942665981520e+03
1.759112494720676068e+03
1.792566545631252438e+03
1.825823884059275770e+03
1.858885320053892428e+03
1.891751684137204620e+03
1.924423826405432465e+03
1.956902615646316235e+03
1.989188938473118014e+03
2.021283698475561096e+03
2.053187815387976116e+03
2.084902224274890159e+03
2.116427874734272791e+03
2.147765730118555894e+03
2.178916766773577365e+03
2.209881973295500757e+03
2.240662349805778831e+03
2.271258907244143302e+03
2.301672666679639406e+03
2.331904658639633453e+03
2.361955922456732878e+03
2.391827505633517376e+03
2.421520463224964260e+03
2.451035857238425706e+03
2.480374756051015538e+03
2.509538233844190927e+03
2.538527370055367101e+03
2.567343248846351344e+03
2.595986958588354810e+03
2.624459591363371146e+03
2.652762242481656813e+03
2.680896010015077081e+03
2.708861994346014399e+03
2.736661297731623108e+03
2.764295023883099930e+03
2.791764277559715993e+03
2.819070164177298011e+03
2.846213789430888937e+03
2.873196258931271132e+03
2.900018677855066471e+03
2.926682150608089160e+03
2.953187780501683392e+03
2.979536669441711183e+03
3.005729917629908869e+03
3.031768623277288953e+03
3.057653882329310818e+03
3.083386788202502885e+03
3.108968431532238810e+03
3.134399899931376240e+03
3.159682277759486169e+03
3.184816645902329128e+03
3.209804081561353087e+03
3.234645658052885665e+03
3.259342444616775538e+03
3.283895506234168806e+03
3.308305903454188865e+03
3.332574692229231914e+03
3.356702923758611632e+03
3.380691644340317453e+03
3.404541895230608134e+03
3.428254712511211892e+03
3.451831126963885708e+03
3.475272163952080973e+03
3.498578843309513559e+03
3.521752179235372296e+03
3.544793180195980312e+03
3.567702848832660038e+03
3.590482181875617698e+03
3.613132170063603553e+03
3.635653798069194181e+03
3.658048044429450783e+03
3.680315881481789802e+03
3.702458275304872586e+03
3.724476185664323111e+03
3.746370565963115951e+03
3.768142363196429869e+03
3.789792517910832885e+03
3.811321964167606438e+03
3.832731629510079074e+03
3.854022434934775902e+03
3.875195294866271979e+03
3.896251117135591812e+03
3.917190802961998997e+03
3.938015246938049131e+03
3.958725337017789116e+03
3.979321954507945975e+03
3.999805974061990582e+03
4.020178263676967617e+03
4.040439684692962146e+03
4.060591091795082320e+03
4.080633333017873611e+03
4.100567249752021780e+03
4.120393676753285035e+03
4.140113442153508913e+03
4.159727367473666163e+03
4.179236267638818390e+03
4.198640950994882587e+03
4.217942219327159364e+03
4.237140867880513724e+03
4.256237685381116535e+03
4.275233454059702126e+03
4.294128949676227421e+03
4.312924941545907132e+03
4.331622192566490412e+03
4.350221459246780796e+03
4.368723491736288452e+03
4.387129033855942907e+03
4.405438823129875345e+03
4.423653590818122211e+03
4.441774061950238320e+03
4.459800955359788531e+03
4.477734983719611591e+03
4.495576853577847032e+03
4.513327265394655115e+03
4.530986913579610700e+03
4.548556486529675567e+03
4.566036666667760073e+03
4.583428130481800508e+03
4.600731548564336663e+03
4.617947585652516864e+03
4.635076900668516828e+03
4.652120146760357784e+03
4.669077971343031095e+03
4.685951016139963940e+03
4.702739917224736018e+03
4.719445305063070919e+03
4.736067804555029397e+03
4.752608035077394561e+03
4.769066610526250770e+03
4.785444139359660767e+03
4.801741224640494693e+03
4.817958464079343685e+03
4.834096450077496229e+03
4.850155769769987273e+03
4.866137005068649160e+03
4.882040732705215305e+03
4.897867524274372954e+03
4.913617946276822295e+03
4.929292560162301925e+03
4.944891922372514273e+03
4.960416584384052840e+03
4.975867092751155724e+03
4.991243989148445507e+03
5.006547810413497245e+03
5.021779088589318235e+03
5.036938350966660437e+03
5.052026120126213755e+03
5.067042913980634694e+03
5.081989245816392213e+03
5.096865624335457142e+03
5.111672553696789691e+03
5.126410533557649615e+03
5.141080059114680807e+03
5.155681621144803103e+03
5.170215706045891238e+03
5.184682795877207354e+03
5.199083368399627943e+03
5.213417897115616142e+03
5.227686851308979385e+03
5.241890696084336923e+03
5.256029892406383624e+03
5.270104897138865454e+03
5.284116163083302126e+03
5.298064139017472371e+03
5.311949269733579968e+03
5.325771996076198775e+03
5.339532754979915808e+03
5.353231979506719654e+03
5.366870098883086939e+03
5.380447538536795037e+03
5.393964720133471019e+03
5.407422061612829566e+03
5.420819977224639842e+03
5.434158877564401337e+03
5.447439169608729571e+03
5.460661256750453504e+03
5.473825538833421888e+03
5.486932412187018599e+03
5.499982269660385100e+03
5.512975500656350960e+03
5.525912491165075153e+03
5.538793623797383589e+03
5.551619277817841976e+03
5.564389826193437329e+03
5.577105647460580258e+03
5.589767108155140704e+03
5.602374574481206764e+03
5.614928409457480484e+03
5.627428972948590854e+03
5.639876621696096663e+03
5.652271709349231060e+03
5.664614586495328695e+03
5.676905600689990933e+03
5.689145096486951843e+03
5.701333415467672239e+03
5.713470896270629055e+03
5.725557874620353687e+03
5.737594683356172027e+03
5.749581652460661644e+03
5.761519109087844299e+03
5.773407377591105615e+03
5.785246779550821884e+03
5.797037633801732227e+03
5.808780256460042438e+03
5.820474960950239620e+03
5.832122058031664892e+03
5.843721855824795966e+03
5.855274659837293257e+03
5.866780772989765865e+03
5.878240495641275629e+03
5.889654125614598343e+03
5.901021958221220302e+03
5.912344286286074748e+03
5.923621400172046378e+03
5.934853587804202107e+03
5.946041134693784443e+03
5.957184323961967493e+03
5.968283436363352848e+03
5.979338750309233546e+03
5.990350541890615204e+03
6.001319084901000679e+03
6.012244650858928253e+03
6.023127509030312467e+03
6.033967926450490268e+03
6.044766167946092537e+03
6.055522496156677335e+03
6.066237171556109388e+03
6.076910452473738587e+03
6.087542595115373842e+03
6.098133853583988639e+03
6.108684479900263796e+03
6.119194724022863738e+03
6.129664833868549977e+03
6.140095055332036281e+03
6.150485632305678337e+03
6.160836806698913279e+03
6.171148818457520065e+03
6.181421905582683394e+03
6.191656304149831158e+03
6.201852248327292727e+03
6.212009970394748052e+03
6.222129700761490312e+03
6.232211667984495762e+03
6.242256098786286202e+03
6.252263218072625023e+03
6.262233248950014968e+03
6.272166412742999455e+03
6.282062929011299275e+03
6.291923015566761023e+03
6.301746888490113633e+03
6.311534762147566653e+03
6.321286849207228443e+03
6.331003360655324286e+03
6.340684505812276257e+03
6.350330492348604821e+03
6.359941526300638543e+03
6.369517812086088270e+03
6.379059552519426688e+03
6.388566948827135093e+03
6.398040200662763709e+03
6.407479506121840132e+03
6.416885061756623145e+03
6.426257062590701025e+03
6.435595702133405211e+03
6.444901172394142122e+03
6.454173663896489415e+03
6.463413365692187654e+03
6.472620465374996456e+03
6.481795149094360568e+03
6.490937601568964965e+03
6.500048006100138082e+03
6.509126544585102238e+03
6.518173397530107650e+03
6.527188744063398190e+03
6.536172761948056177e+03
6.545125627594719845e+03
6.554047516074148916e+03
6.562938601129663766e+03
6.571799055189457249e+03
6.580629049378766467e+03
6.589428753531943585e+03
6.598198336204355655e+03
6.606937964684196231e+03
6.615647805004157817e+03
6.624328021952975178e+03
6.632978779086878603e+03
6.641600238740867098e+03
6.650192562039933364e+03
6.658755908910114158e+03
6.667290438089470626e+03
6.675796307138904922e+03
6.684273672452913161e+03
6.692722689270187402e+03
6.701143511684132136e+03
6.709536292653251621e+03
6.717901184011444457e+03
6.726238336478185374e+03
6.734547899668586979e+03
6.742830022103395095e+03
6.751084851218834956e+03
6.759312533376374631e+03
6.767513213872392953e+03
6.775687036947750130e+03
6.783834145797239216e+03
6.791954682578945722e+03
6.800048788423533551e+03
6.808116603443404529e+03
6.816158266741786065e+03
6.824173916421687863e+03
6.832163689594844982e+03
6.840127722390465351e+03
6.848066149963960015e+03
6.855979106505573327e+03
6.863866725248904004e+03
6.871729138479339781e+03
6.879566477542427492e+03
6.887378872852139466e+03
6.895166453899081716e+03
6.902929349258540242e+03
6.910667686598570072e+03
6.918381592687895136e+03
6.926071193403764482e+03
6.933736613739754830e+03
6.941377977813445796e+03
6.948995408874051463e+03
6.956589029309965554e+03
6.964158960656222007e+03
6.971705323601890996e+03
6.979228237997393990e+03
6.986727822861753339e+03
6.994204196389746357e+03
7.001657475959013027e+03
7.009087778137093665e+03
7.016495218688361092e+03
7.023879912580918244e+03
7.031241973993423926e+03
7.038581516321823983e+03
7.045898652186031541e+03
7.053193493436567223e+03
7.060466151161076596e+03
7.067716735690820315e+03
7.074945356607106078e+03
7.082152122747633257e+03
7.089337142212778417e+03
7.096500522371828993e+03
7.103642369869156937e+03
7.110762790630305062e+03
7.117861889868062462e+03
7.124939772088410791e+03
7.131996541096490546e+03
7.139032300002442753e+03
7.146047151227228824e+03
7.153041196508374924e+03
7.160014536905688146e+03
7.166967272806871733e+03
7.173899503933132110e+03
7.180811329344702244e+03
7.187702847446299529e+03
7.194574155992591841e+03
7.201425352093520814e+03
7.208256532219657856e+03
7.215067792207433740e+03
7.221859227264396395e+03
7.228630931974339546e+03
7.235383000302431356e+03
7.242115525600277579e+03
7.248828600610945614e+03
7.255522317473920339e+03
7.262196767730025385e+03
7.268852042326306218e+03
7.275488231620840452e+03
7.282105425387525429e+03
7.288703712820819419e+03
7.295283182540400958e+03
7.301843922595855474e+03
7.308386020471230040e+03
7.314909563089614494e+03
7.321414636817653445e+03
7.327901327469993703e+03
7.334369720313738981e+03
7.340819900072799101e+03
7.347251950932271029e+03
7.353665956542708045e+03
7.360062000024396184e+03
7.366440163971576112e+03
7.372800530456610431e+03
7.379143181034137342e+03
7.385468196745160640e+03
7.391775658121133347e+03
7.398065645187954942e+03
7.404338237469983142e+03
7.410593513993983834e+03
7.416831553293010074e+03
7.423052433410328376e+03
7.429256231903219486e+03
7.435443025846808268e+03
7.441612891837819006e+03
7.447765905998317066e+03
7.453902143979403263e+03
7.460021680964885491e+03
7.466124591674899420e+03
7.472210950369524653e+03
7.478280830852330837e+03
7.484334306473921970e+03
7.490371450135426130e+03
7.496392334291974294e+03
7.502397030956125491e+03
7.508385611701272865e+03
7.514358147665021534e+03
7.520314709552528257e+03
7.526255367639802898e+03
7.532180191777018081e+03
7.538089251391712423e+03
7.543982615492064724e+03
7.549860352670048087e+03
7.555722531104617701e+03
7.561569218564828589e+03
7.567400482412946076e+03
7.573216389607533529e+03
7.579017006706494612e+03
7.584802399870099180e+03
7.590572634863980966e+03
7.596327777062089808e+03
7.602067891449668423e+03
7.607793042626129136e+03
7.613503294807973361e+03
7.619198711831640139e+03
7.624879357156353763e+03
7.630545293866927750e+03
7.636196584676553357e+03
7.641833291929578081e+03
7.647455477604224143e+03
7.653063203315314240e+03
7.658656530316957287e+03
7.664235519505221419e+03
7.669800231420765158e+03
7.675350726251479500e+03
7.680887063835051777e+03
7.686409303661560443e+03
7.691917504876043495e+03
7.697411726280975927e+03
7.702892026338822689e+03
7.708358463174513417e+03
7.713811094577889889e+03
7.719249978006157107e+03
7.724675170586311651e+03
7.730086729117520917e+03
7.735484710073524184e+03
7.740869169604973649e+03
7.746240163541770016e+03
7.751597747395397164e+03
7.756941976361202251e+03
7.762272905320679456e+03
7.767590588843725527e+03
7.772895081190879864e+03
