# h
# unit = 1.0/Mpc
2.335048338198492861e-04
2.345661990272684245e-04
2.356439123525147516e-04
2.367379592847770680e-04
2.378483222156008029e-04
2.389749805218215658e-04
2.401179106492725205e-04
2.412770861971115152e-04
2.424524780026208993e-04
2.436440542263328699e-04
2.448517804373421701e-04
2.460756196986680364e-04
2.473155326525347769e-04
2.485714776054458630e-04
2.498434106129284512e-04
2.511312855638341132e-04
2.524350542640852141e-04
2.537546665197614989e-04
2.550900702194294723e-04
2.564412114156191082e-04
2.578080344053616932e-04
2.591904818097064069e-04
2.605884946521386594e-04
2.620020124358298213e-04
2.634309732196532939e-04
2.648753136929063684e-04
2.663349692486838781e-04
2.678098740558538821e-04
2.692999611295918464e-04
2.708051624004327758e-04
2.723254087818085525e-04
2.738606302360386061e-04
2.754107558387506043e-04
2.769757138417081803e-04
2.785554317340300829e-04
2.801498363017870352e-04
2.817588536859675741e-04
2.833824094388064183e-04
2.850204285784736866e-04
2.866728356421261565e-04
2.883395547373230586e-04
2.900205095918152970e-04
2.917156236017152504e-04
2.934248198780611957e-04
2.951480212917891467e-04
2.968851505171281541e-04
2.986361300734390175e-04
3.004008823655151639e-04
3.021793297223679202e-04
3.039713944345185694e-04
3.057769987898241297e-04
3.075960651078593578e-04
3.094285157728847891e-04
3.112742732654270525e-04
3.131332601925010612e-04
3.150053993165019398e-04
3.168906135827987292e-04
3.187888261460590858e-04
3.206999603953360938e-04
3.226239399779479806e-04
3.245606888221834788e-04
3.265101311588627041e-04
3.284721915417861842e-04
3.304467948671032632e-04
3.324338663916319740e-04
3.344333317501605742e-04
3.364451169717627829e-04
3.384691484951579438e-04
3.405053531831456594e-04
3.425536583361459583e-04
3.446139917048751363e-04
3.466862815021854610e-04
3.487704564140993143e-04
3.508664456100662869e-04
3.529741787524687583e-04
3.550935860054075122e-04
3.572245980427912401e-04
3.593671460557575797e-04
3.615211617594513843e-04
3.636865773991855935e-04
3.658633257560097492e-04
3.680513401517091442e-04
3.702505544532585071e-04
3.724609030767552171e-04
3.746823209908496655e-04
3.769147437196993270e-04
3.791581073454644308e-04
3.814123485103673478e-04
3.836774044183337480e-04
3.859532128362366679e-04
3.882397120947606744e-04
3.905368410889059638e-04
3.928445392781467101e-04
3.951627466862639351e-04
3.974914039008678088e-04
3.998304520726236920e-04
4.021798329142000803e-04
4.045394886989517867e-04
4.069093622593500706e-04
4.092893969851794478e-04
4.116795368215067619e-04
4.140797262664417657e-04
4.164899103686975032e-04
4.189100347249636127e-04
4.213400454771041529e-04
4.237798893091892735e-04
4.262295134443730925e-04
4.286888656416265619e-04
4.311578941923351321e-04
4.336365479167703790e-04
4.361247761604448081e-04
4.386225287903581290e-04
4.411297561911422670e-04
4.436464092611145955e-04
4.461724394082449210e-04
4.487077985460444056e-04
4.512524390893832564e-04
4.538063139502426595e-04
4.563693765334087622e-04
4.589415807321123373e-04
4.615228809236226397e-04
4.641132319647977319e-04
4.667125891875987609e-04
4.693209083945715991e-04
4.719381458543015439e-04
4.745642582968441102e-04
4.771992029091381505e-04
4.798429373304021156e-04
4.824954196475212623e-04
4.851566083904255912e-04
4.878264625274643146e-04
4.905049414607783737e-04
4.931920050216759364e-04
4.958876134660125581e-04
4.985917274695776842e-04
5.013043081234924833e-04
5.040253169296196600e-04
5.067547157959874718e-04
5.094924670322319594e-04
5.122385333450555495e-04
5.149928778337092925e-04
5.177554639854953754e-04
5.205262556712944621e-04
5.233052171411188384e-04
5.260923130196924454e-04
5.288875083020591009e-04
5.316907683492209718e-04
5.345020588838063184e-04
5.373213459857718258e-04
5.401485960881350756e-04
5.429837759727421456e-04
5.458268527660697965e-04
5.486777939350622434e-04
5.515365672830048992e-04
5.544031409454338970e-04
5.572774833860843179e-04
5.601595633928740893e-04
5.630493500739278904e-04
5.659468128536393298e-04
5.688519214687708537e-04
5.717646459645952866e-04
5.746849566910743447e-04
5.776128242990789981e-04
5.805482197366488651e-04
5.834911142452916134e-04
5.864414793563234524e-04
5.893992868872485486e-04
5.923645089381802909e-04
5.953371178883021296e-04
5.983170863923684222e-04
6.013043873772460452e-04
6.042989940384966641e-04
6.073008798369986840e-04
6.103100184956088831e-04
6.133263839958642697e-04
6.163499505747242714e-04
6.193806927213509799e-04
6.224185851739308124e-04
6.254636029165336862e-04
6.285157211760115503e-04
6.315749154189362726e-04
6.346411613485751502e-04
6.377144349019049077e-04
6.407947122466640770e-04
6.438819697784421313e-04
6.469761841178069996e-04
6.500773321074682521e-04
6.531853908094789911e-04
6.563003375024717857e-04
6.594221496789339637e-04
6.625508050425133692e-04
6.656862815053659699e-04
6.688285571855338233e-04
6.719776104043594708e-04
6.751334196839352438e-04
6.782959637445852043e-04
6.814652215023826471e-04
6.846411720666978513e-04
6.878237947377829117e-04
6.910130690043857346e-04
6.942089745413981871e-04
6.974114912075350366e-04
7.006205990430452004e-04
7.038362782674533521e-04
7.070585092773330792e-04
7.102872726441103977e-04
7.135225491118961068e-04
7.167643195953496936e-04
7.200125651775705600e-04
7.232672671080205831e-04
7.265284068004725874e-04
7.297959658309883081e-04
7.330699259359260613e-04
7.363502690099720492e-04
7.396369771042019155e-04
7.429300324241677788e-04
7.462294173280122631e-04
7.495351143246084405e-04
7.528471060717246022e-04
7.561653753742168934e-04
7.594899051822438492e-04
7.628206785895086861e-04
7.661576788315227352e-04
7.695008892838972820e-04
7.728502934606544875e-04
7.762058750125644391e-04
7.795676177255058369e-04
7.829355055188463039e-04
7.863095224438489345e-04
7.896896526820987913e-04
7.930758805439509784e-04
7.964681904670019167e-04
7.998665670145799168e-04
8.032709948742579797e-04
8.066814588563879550e-04
8.100979438926511796e-04
8.135204350346348116e-04
8.169489174524235606e-04
8.203833764332122335e-04
8.238237973799376890e-04
8.272701658099300892e-04
8.307224673535812832e-04
8.341806877530342232e-04
8.376448128608860420e-04
8.411148286389151995e-04
8.445907211568195799e-04
8.480724765909772485e-04
8.515600812232203276e-04
8.550535214396301226e-04
8.585527837293426565e-04
8.620578546833771892e-04
8.655687209934757962e-04
8.690853694509619205e-04
8.726077869456119350e-04
8.761359604645453528e-04
8.796698770911259889e-04
8.832095240038841544e-04
8.867548884754452481e-04
8.903059578714805737e-04
8.938627196496692169e-04
8.974251613586726063e-04
9.009932706371263141e-04
9.045670352126415062e-04
9.081464429008247142e-04
9.117314816043060660e-04
9.153221393117838859e-04
9.189184040970802469e-04
9.225202641182109415e-04
9.261277076164668373e-04
9.297407229155061834e-04
9.333592984204630702e-04
9.369834226170643474e-04
9.406130840707575998e-04
9.442482714258553867e-04
9.478889734046863115e-04
9.515351788067593188e-04
9.551868765079390500e-04
9.588440554596312825e-04
9.625067046879810535e-04
9.661748132930782652e-04
9.698483704481771677e-04
9.735273653989240817e-04
9.772117874625953129e-04
9.809016260273451492e-04
9.845968705514665433e-04
9.882975105626556987e-04
9.920035356572912914e-04
9.957149354997208487e-04
9.994316998215581858e-04
1.003153818420986915e-03
1.006881281162075228e-03
1.010614077974100657e-03
1.014352198850880255e-03
1.018095633850110964e-03
1.021844373092721482e-03
1.025598406762225209e-03
1.029357725104092063e-03
1.033122318425114435e-03
1.036892177092797220e-03
1.040667291534741554e-03
1.044447652238046555e-03
1.048233249748709755e-03
1.052024074671044666e-03
1.055820117667098787e-03
1.059621369456080486e-03
1.063427820813795440e-03
1.067239462572086312e-03
1.071056285618284367e-03
1.074878280894663246e-03
1.078705439397902293e-03
1.082537752178556372e-03
1.086375210340530684e-03
1.090217805040564689e-03
1.094065527487719704e-03
1.097918368942876061e-03
1.101776320718232845e-03
1.105639374176815891e-03
1.109507520731992493e-03
1.113380751846991101e-03
1.117259059034426223e-03
1.121142433855830270e-03
1.125030867921190817e-03
1.128924352888494151e-03
1.132822880463272295e-03
1.136726442398158701e-03
1.140635030492446762e-03
1.144548636591653746e-03
1.148467252587092756e-03
1.152390870415445547e-03
1.156319482058345985e-03
1.160253079541961755e-03
1.164191654936587135e-03
1.168135200356237727e-03
1.172083707958250162e-03
1.176037169942887456e-03
1.179995578552947176e-03
1.183958926073378068e-03
1.187927204830896899e-03
1.191900407193611589e-03
1.195878525570650847e-03
1.199861552411794242e-03
1.203849480207108778e-03
1.207842301486591755e-03
1.211840008819812988e-03
1.215842594815564606e-03
1.219850052121516275e-03
1.223862373423868256e-03
1.227879551447016385e-03
1.231901578953215320e-03
1.235928448742247424e-03
1.239960153651096207e-03
1.243996686553623015e-03
1.248038040360245019e-03
1.252084208017622538e-03
1.256135182508343962e-03
1.260190956850618495e-03
1.264251524097968673e-03
1.268316877338930473e-03
1.272387009696754508e-03
1.276461914329109605e-03
1.280541584427791809e-03
1.284626013218435978e-03
1.288715193960230211e-03
1.292809119945634820e-03
1.296907784500100870e-03
1.301011180981796961e-03
1.305119302781335361e-03
1.309232143321502253e-03
1.313349696056991455e-03
1.317471954474140096e-03
1.321598912090667099e-03
1.325730562455418836e-03
1.329866899148108477e-03
1.334007915779068364e-03
1.338153605988997609e-03
1.342303963448715108e-03
1.346458981858919936e-03
1.350618654949942632e-03
1.354782976481511006e-03
1.358951940242514225e-03
1.363125540050766447e-03
1.367303769752776545e-03
1.371486623223520203e-03
1.375674094366213535e-03
1.379866177112087575e-03
1.384062865420169477e-03
1.388264153277059829e-03
1.392470034696719709e-03
1.396680503720254714e-03
1.400895554415700723e-03
1.405115180877817031e-03
1.409339377227876661e-03
1.413568137613462105e-03
1.417801456208260188e-03
1.422039327211862799e-03
1.426281744849566303e-03
1.430528703372175095e-03
1.434780197055805784e-03
1.439036220201695077e-03
1.443296767136009826e-03
1.447561832209653173e-03
1.451831409798084570e-03
1.456105494301128964e-03
1.460384080142795729e-03
1.464667161771096961e-03
1.468954733657868795e-03
1.473246790298591213e-03
1.477543326212215876e-03
1.481844335940988308e-03
1.486149814050278985e-03
1.490459755128408989e-03
1.494774153786484127e-03
1.499093004658227099e-03
1.503416302399810962e-03
1.507744041689695847e-03
1.512076217228467421e-03
1.516412823738675763e-03
1.520753855964675997e-03
1.525099308672471510e-03
1.529449176649556961e-03
1.533803454704765409e-03
1.538162137668115225e-03
1.542525220390659167e-03
1.546892697744332162e-03
1.551264564621806239e-03
1.555640815936339821e-03
1.560021446621638738e-03
1.564406451631704647e-03
1.568795825940696260e-03
1.573189564542789914e-03
1.577587662452034504e-03
1.581990114702216824e-03
1.586396916346725396e-03
1.590808062458409734e-03
1.595223548129450246e-03
1.599643368471223136e-03
1.604067518614167489e-03
1.608495993707657326e-03
1.612928788919869988e-03
1.617365899437656247e-03
1.621807320466418442e-03
1.626253047229978422e-03
1.630703074970456983e-03
1.635157398948149403e-03
1.639616014441402708e-03
1.644078916746493594e-03
1.648546101177509812e-03
1.653017563066231342e-03
1.657493297762011345e-03
1.661973300631659290e-03
1.666457567059326673e-03
1.670946092446391014e-03
1.675438872211343529e-03
1.679935901789675291e-03
1.684437176633766207e-03
1.688942692212774864e-03
1.693452444012528806e-03
1.697966427535417631e-03
1.702484638300280888e-03
1.707007071842307679e-03
1.711533723712926718e-03
1.716064589479703115e-03
1.720599664726235167e-03
1.725138945052050914e-03
1.729682426072507101e-03
1.734230103418686825e-03
1.738781972737302390e-03
1.743338029690592525e-03
1.747898269956226543e-03
1.752462689227207195e-03
1.757031283211772437e-03
1.761604047633301331e-03
1.766180978230219275e-03
1.770762070755903250e-03
1.775347320978588363e-03
1.779936724681276334e-03
1.784530277661644428e-03
1.789127975731953516e-03
1.793729814718959380e-03
1.798335790463821649e-03
1.802945898822018575e-03
1.807560135663256609e-03
1.812178496871383673e-03
1.816800978344306101e-03
1.821427575993898006e-03
1.826058285745923212e-03
1.830693103539946139e-03
1.835332025329248964e-03
1.839975047080752912e-03
1.844622164774933253e-03
1.849273374405738853e-03
1.853928671980511079e-03
1.858588053519907250e-03
1.863251515057816072e-03
1.867919052641285648e-03
1.872590662330440858e-03
1.877266340198407686e-03
1.881946082331237974e-03
1.886629884827832875e-03
1.891317743799865014e-03
