# mu
-inf
3.317960476739146713e+01
3.470124612772094963e+01
3.559795308063091568e+01
3.623866132379976079e+01
3.673899436499781501e+01
3.715045639159754387e+01
3.750052325490511862e+01
3.780559722033427761e+01
3.807625947650686982e+01
3.831973598930989056e+01
3.854118180158211260e+01
3.874440414009880840e+01
3.893229508765267610e+01
3.910710345371992958e+01
3.927061262224901839e+01
3.942426088495234637e+01
3.956922523043053985e+01
3.970648114788973260e+01
3.983684624056875379e+01
3.996101263964605721e+01
4.007957150191404594e+01
4.019303180366107142e+01
4.030183495379918668e+01
4.040636629495400456e+01
4.050696425548616020e+01
4.060392770572050836e+01
4.069752192535016633e+01
4.078798348528602702e+01
4.087552427266504651e+01
4.096033483341282988e+01
4.104258716669858131e+01
4.112243707574532436e+01
4.120002615694296821e+01
4.127548349207751244e+01
4.134892709533080790e+01
4.142046515651477989e+01
4.149019711404734778e+01
4.155821458491983833e+01
4.162460217394884410e+01
4.168943818065311291e+01
4.175279521892493761e+01
4.181474076210575674e+01
4.187533762399816339e+01
4.193464438465109367e+01
4.199271576836470388e+01
4.204960298021515541e+01
4.210535400645130721e+01
4.216001388332618660e+01
4.221362493826738671e+01
4.226622700673862454e+01
4.231785762767956527e+01
4.236855222001895527e+01
4.241834424242307477e+01
4.246726533815881055e+01
4.251534546670922055e+01
4.256261302357276577e+01
4.260909494950034571e+01
4.265481683027118720e+01
4.269980298797732843e+01
4.274407656467205641e+01
4.278765959913879158e+01
4.283057309745088759e+01
4.287283709791759634e+01
4.291447073094602871e+01
4.295549227429118844e+01
4.299591920411602075e+01
4.303576824223878816e+01
4.307505539990602728e+01
4.311379601839489339e+01
4.315200480671792604e+01
4.318969587667632481e+01
4.322688277548371616e+01
4.326357851616081263e+01
4.329979560588263610e+01
4.333554607244244750e+01
4.337084148898182434e+01
4.340569299712220186e+01
4.344011132862128477e+01
4.347410682566672335e+01
4.350768945990925118e+01
4.354086885032914722e+01
4.357365428002124474e+01
4.360605471197690974e+01
4.363807880393471095e+01
4.366973492236543564e+01
4.370103115565203922e+01
4.373197532651985853e+01
4.376257500376834741e+01
4.379283751335121622e+01
4.382276994884857402e+01
4.385237918137087831e+01
4.388167186893181793e+01
4.391065446532424232e+01
4.393933322853087020e+01
4.396771422869890955e+01
4.399580335570583856e+01
4.402360632634161419e+01
4.405112869113050778e+01
4.407837584081445925e+01
4.410535301251806573e+01
4.413206529561406910e+01
4.415851763730677249e+01
4.418471484794984860e+01
4.421066160611354690e+01
4.423636246341573752e+01
4.426182184912991602e+01
4.428704407458259595e+01
4.431203333735167860e+01
4.433679372527674900e+01
4.436132922029131009e+01
4.438564370208656840e+01
4.440974095161568869e+01
4.443362465444691622e+01
4.445729840397335408e+01
4.448076570448688472e+01
4.450402997412305695e+01
4.452709454768359620e+01
4.454996267934258469e+01
4.457263754524213084e+01
4.459512224598299213e+01
4.461741980901519611e+01
4.463953319093365479e+01
4.466146527968317059e+01
4.468321889667726055e+01
4.470479679883480628e+01
4.472620168053840928e+01
4.474743617551807517e+01
4.476850285866365908e+01
4.478940424776928353e+01
4.481014280521292648e+01
4.483072093957395765e+01
4.485114100719146535e+01
4.487140531366597429e+01
4.489151611530701302e+01
4.491147562052893250e+01
4.493128599119716426e+01
4.495094934392707842e+01
4.497046775133740226e+01
4.498984324326018935e+01
4.500907780790911517e+01
4.502817339300779054e+01
4.504713190687986213e+01
4.506595521950230676e+01
4.508464516352356100e+01
4.510320353524781467e+01
4.512163209558681132e+01
4.513993257098057654e+01
4.515810665428813309e+01
4.517615600564942469e+01
4.519408225331972773e+01
4.521188699447734649e+01
4.522957179600584965e+01
4.524713819525167224e+01
4.526458770075807791e+01
4.528192179297640507e+01
4.529914192495532177e+01
4.531624952300905562e+01
4.533324598736526667e+01
4.535013269279333770e+01
4.536691098921382803e+01
4.538358220228973039e+01
4.540014763400017017e+01
4.541660856319727202e+01
4.543296624614661994e+01
4.544922191705208547e+01
4.546537678856539344e+01
4.548143205228110730e+01
4.549738887921740371e+01
4.551324842028320461e+01
4.552901180673217141e+01
4.554468015060386676e+01
4.556025454515263817e+01
4.557573606526462129e+01
4.559112576786322535e+01
4.560642469230343465e+01
4.562163386075543059e+01
4.563675427857779709e+01
4.565178693468059379e+01
4.566673280187876571e+01
4.568159283723606734e+01
4.569636798239989872e+01
4.571105916392728830e+01
4.572566729360230653e+01
4.574019326874523728e+01
4.575463797251366316e+01
4.576900227419579892e+01
4.578328702949634277e+01
4.579749308081490256e+01
4.581162125751744441e+01
4.582567237620085621e+01
4.583964724095078935e+01
4.585354664359314825e+01
4.586737136393921332e+01
4.588112217002478133e+01
4.589479981834330857e+01
4.590840505407344097e+01
4.592193861130090227e+01
4.593540121323503200e+01
4.594879357242007956e+01
4.596211639094143209e+01
4.597537036062684024e+01
4.598855616324298978e+01
4.600167447068719184e+01
4.601472594517478143e+01
4.602771123942197562e+01
4.604063099682445426e+01
4.605348585163187636e+01
4.606627642911826115e+01
4.607900334574848245e+01
4.609166720934095451e+01
4.610426861922654496e+01
4.611680816640398461e+01
4.612928643369160397e+01
4.614170399587578686e+01
4.615406141985603483e+01
4.616635926478677732e+01
4.617859808221604823e+01
4.619077841622114278e+01
4.620290080354114792e+01
4.621496577370673009e+01
4.622697384916696706e+01
4.623892554541344424e+01
4.625082137110173619e+01
4.626266182817015249e+01
4.627444741195602518e+01
4.628617861130945244e+01
4.629785590870466194e+01
4.630947977918447833e+01
4.632105069508808981e+01
4.633256911927828270e+01
4.634403550979283892e+01
4.635545031881612488e+01
4.636681399277711080e+01
4.637812697244541482e+01
4.638938969302530779e+01
4.640060258424780670e+01
4.641176607046091362e+01
4.642288057071797169e+01
4.643394649886428027e+01
4.644496426362189823e+01
4.645593426867282005e+01
4.646685691274039698e+01
4.647773258966922327e+01
4.648856168850334569e+01
4.649934459356298788e+01
4.651008168451974001e+01
4.652077333647027046e+01
4.653141992000858806e+01
4.654202180129690447e+01
4.655257934213510396e+01
4.656309290002891998e+01
4.657356282825668359e+01
4.658398947593496331e+01
4.659437318808274142e+01
4.660471430568456697e+01
4.661501316575234455e+01
4.662527010138607153e+01
4.663548544183336020e+01
4.664565951254786569e+01
4.665579263524662679e+01
4.666588512796631960e+01
4.667593730511846672e+01
4.668594947754364455e+01
4.669592195256468870e+01
4.670585503403886918e+01
4.671574902240919869e+01
4.672560421475471060e+01
4.673542090483989142e+01
4.674519938316318957e+01
4.675493993700465012e+01
4.676464285047268277e+01
4.677430840454999839e+01
4.678393687713875693e+01
4.679352854310482712e+01
4.680308367432135697e+01
4.681260253971151286e+01
4.682208540529047269e+01
4.683153253420671547e+01
4.684094418678252225e+01
4.685032062055383761e+01
4.685966209030939922e+01
4.686896884812922082e+01
4.687824114342233628e+01
4.688747922296399651e+01
4.689668333093214869e+01
4.690585370894333295e+01
4.691499059608794653e+01
4.692409422896490412e+01
4.693316484171575098e+01
4.694220266605812242e+01
4.695120793131874848e+01
4.696018086446578366e+01
4.696912169014070315e+01
4.697803063068960228e+01
4.698690790619397006e+01
4.699575373450104365e+01
4.700456833125350897e+01
4.701335190991887458e+01
4.702210468181822023e+01
4.703082685615461145e+01
4.703951864004091732e+01
4.704818023852728004e+01
4.705681185462809424e+01
4.706541368934853153e+01
4.707398594171068851e+01
4.708252880877929414e+01
4.709104248568696249e+01
4.709952716565911146e+01
4.710798304003844805e+01
4.711641029830907001e+01
4.712480912812017664e+01
4.713317971530942430e+01
4.714152224392593382e+01
4.714983689625285024e+01
4.715812385282966801e+01
4.716638329247412287e+01
4.717461539230376388e+01
4.718282032775724844e+01
4.719099827261518243e+01
4.719914939902078999e+01
4.720727387750014969e+01
4.721537187698218219e+01
4.722344356481831085e+01
4.723148910680180990e+01
4.723950866718693220e+01
4.724750240870761075e+01
4.725547049259603227e+01
4.726341307860081997e+01
4.727133032500501031e+01
4.727922238864368865e+01
4.728708942492146150e+01
4.729493158782956641e+01
4.730274902996282549e+01
4.731054190253624370e+01
4.731831035540147923e+01
4.732605453706295862e+01
4.733377459469382842e+01
4.734147067415165111e+01
4.734914291999390201e+01
4.735679147549315360e+01
4.736441648265216031e+01
4.737201808221861654e+01
4.737959641369978669e+01
4.738715161537687237e+01
4.739468382431919480e+01
4.740219317639814989e+01
4.740967980630102119e+01
4.741714384754451572e+01
4.742458543248818614e+01
4.743200469234761840e+01
4.743940175720743468e+01
4.744677675603412581e+01
4.745412981668870600e+01
4.746146106593918290e+01
4.746877062947284998e+01
4.747605863190842967e+01
4.748332519680800345e+01
4.749057044668882810e+01
4.749779450303497441e+01
4.750499748630875274e+01
4.751217951596208877e+01
4.751934071044762931e+01
4.752648118722977699e+01
4.753360106279552610e+01
4.754070045266519173e+01
4.754777947140297556e+01
4.755483823262733267e+01
4.756187684902133839e+01
4.756889543234275664e+01
4.757589409343409415e+01
4.758287294223242725e+01
4.758983208777918605e+01
4.759677163822973966e+01
4.760369170086288904e+01
4.761059238209021771e+01
4.761747378746532888e+01
4.762433602169295455e+01
4.763117918863797229e+01
4.763800339133423734e+01
4.764480873199336486e+01
4.765159531201339149e+01
4.765836323198726632e+01
4.766511259171132053e+01
4.767184349019353107e+01
4.767855602566176998e+01
4.768525029557186201e+01
4.769192639661562083e+01
4.769858442472872184e+01
4.770522447509847552e+01
4.771184664217155813e+01
4.771845101966158609e+01
4.772503770055661221e+01
4.773160677712652955e+01
4.773815834093039001e+01
4.774469248282362344e+01
4.775120929296515015e+01
4.775770886082443667e+01
4.776419127518842345e+01
4.777065662416840297e+01
4.777710499520681964e+01
4.778353647508390623e+01
4.778995114992435589e+01
4.779634910520380231e+01
4.780273042575529985e+01
4.780909519577568290e+01
4.781544349883183997e+01
4.782177541786696651e+01
4.782809103520666838e+01
4.783439043256503709e+01
4.784067369105063960e+01
4.784694089117243010e+01
4.785319211284561192e+01
4.785942743539739297e+01
4.786564693757270561e+01
4.787185069753981281e+01
4.787803879289594278e+01
4.788421130067271747e+01
4.789036829734162382e+01
4.789650985881939960e+01
4.790263606047331280e+01
4.790874697712642671e+01
4.791484268306277983e+01
4.792092325203250880e+01
4.792698875725688623e+01
4.793303927143336551e+01
4.793907486674049778e+01
4.794509561484282756e+01
4.795110158689569602e+01
4.795709285355007978e+01
4.796306948495723077e+01
4.796903155077337289e+01
4.797497912016432764e+01
4.798091226181006164e+01
4.798683104390914167e+01
4.799273553418327509e+01
4.799862579988163702e+01
4.800450190778525439e+01
4.801036392421128340e+01
4.801621191501730124e+01
4.802204594560546980e+01
4.802786608092669951e+01
4.803367238548479889e+01
4.803946492334046070e+01
4.804524375811534753e+01
4.805100895299603536e+01
4.805676057073794993e+01
4.806249867366921080e+01
4.806822332369455353e+01
4.807393458229903160e+01
4.807963251055184628e+01
4.808531716911002007e+01
4.809098861822207738e+01
4.809664691773168954e+01
4.810229212708124180e+01
4.810792430531540731e+01
4.811354351108463590e+01
4.811914980264867836e+01
4.812474323787996155e+01
4.813032387426702030e+01
4.813589176891787247e+01
4.814144697856330168e+01
4.814698955956018978e+01
4.815251956789475685e+01
4.815803705918576583e+01
4.816354208868773412e+01
4.816903471129404579e+01
4.817451498154011347e+01
4.817998295360644079e+01
4.818543868132165642e+01
4.819088221816554096e+01
4.819631361727203966e+01
4.820173293143217563e+01
4.820714021309701280e+01
4.821253551438049811e+01
4.821791888706237472e+01
4.822329038259098155e+01
4.822865005208605282e+01
4.823399794634152471e+01
4.823933411582822828e+01
4.824465861069663930e+01
4.824997148077955700e+01
4.825527277559476147e+01
4.826056254434763559e+01
4.826584083593377983e+01
4.827110769894157727e+01
4.827636318165476581e+01
4.828160733205493216e+01
4.828684019782404135e+01
4.829206182634685973e+01
4.829727226471347024e+01
4.830247155972163853e+01
4.830765975787922173e+01
4.831283690540657716e+01
4.831800304823885028e+01
4.832315823202835503e+01
4.832830250214684042e+01
4.833343590368777853e+01
4.833855848146863821e+01
4.834367028003309485e+01
