# te
2.975610256195068359e+00
3.748842954635620117e+00
3.884727716445922852e+00
3.635825395584106445e+00
3.201881885528564453e+00
2.710503816604614258e+00
2.240229606628417969e+00
1.830960631370544434e+00
1.504949331283569336e+00
1.271382212638854980e+00
1.132722973823547363e+00
1.071022391319274902e+00
1.064714670181274414e+00
1.098498940467834473e+00
1.158774018287658691e+00
1.232475519180297852e+00
1.307691335678100586e+00
1.376583456993103027e+00
1.434249401092529297e+00
1.483460187911987305e+00
1.528245210647583008e+00
1.569998383522033691e+00
1.609906315803527832e+00
1.650961875915527344e+00
1.695708274841308594e+00
1.743086218833923340e+00
1.791175723075866699e+00
1.838218450546264648e+00
1.882238388061523438e+00
1.920230507850646973e+00
1.949052810668945312e+00
1.966048836708068848e+00
1.969725131988525391e+00
1.962756633758544922e+00
1.947491049766540527e+00
1.920799612998962402e+00
1.879604816436767578e+00
1.826509833335876465e+00
1.765537142753601074e+00
1.699643611907958984e+00
1.627523183822631836e+00
1.546803236007690430e+00
1.455111861228942871e+00
1.350076436996459961e+00
1.229924321174621582e+00
1.095278978347778320e+00
9.473637342453002930e-01
7.874014377593994141e-01
6.166152358055114746e-01
4.358612895011901855e-01
2.445281445980072021e-01
4.163772612810134888e-02
-1.737882643938064575e-01
-4.027280211448669434e-01
-6.459125280380249023e-01
-9.030833840370178223e-01
-1.173735022544860840e+00
-1.457362055778503418e+00
-1.753458499908447266e+00
-2.061673641204833984e+00
-2.382273435592651367e+00
-2.715678930282592773e+00
-3.062310695648193359e+00
-3.422590017318725586e+00
-3.796701669692993164e+00
-4.183889389038085938e+00
-4.583160400390625000e+00
-4.993523120880126953e+00
-5.413984775543212891e+00
-5.843798160552978516e+00
-6.283193588256835938e+00
-6.732646942138671875e+00
-7.192633152008056641e+00
-7.663628101348876953e+00
-8.145954132080078125e+00
-8.639324188232421875e+00
-9.143298149108886719e+00
-9.657437324523925781e+00
-1.018130016326904297e+01
-1.071440887451171875e+01
-1.125611972808837891e+01
-1.180574989318847656e+01
-1.236261844635009766e+01
-1.292604255676269531e+01
-1.349541664123535156e+01
-1.407044506072998047e+01
-1.465091133117675781e+01
-1.523659610748291016e+01
-1.582728385925292969e+01
-1.642270660400390625e+01
-1.702240562438964844e+01
-1.762587547302246094e+01
-1.823260879516601562e+01
-1.884209823608398438e+01
-1.945384025573730469e+01
-2.006732177734375000e+01
-2.068204307556152344e+01
-2.129749298095703125e+01
-2.191316795349121094e+01
-2.252855682373046875e+01
-2.314315605163574219e+01
-2.375645828247070312e+01
-2.436795806884765625e+01
-2.497714424133300781e+01
-2.558351707458496094e+01
-2.618656349182128906e+01
-2.678577995300292969e+01
-2.738065910339355469e+01
-2.797069549560546875e+01
-2.855537223815917969e+01
-2.913415718078613281e+01
-2.970651054382324219e+01
-3.027188301086425781e+01
-3.082973861694335938e+01
-3.137953948974609375e+01
-3.192073440551757812e+01
-3.245278930664062500e+01
-3.297515869140625000e+01
-3.348730087280273438e+01
-3.398867797851562500e+01
-3.447874450683593750e+01
-3.495695877075195312e+01
-3.542277908325195312e+01
-3.587566757202148438e+01
-3.631507492065429688e+01
-3.674047088623046875e+01
-3.715129852294921875e+01
-3.754703140258789062e+01
-3.792712020874023438e+01
-3.829104232788085938e+01
-3.863837432861328125e+01
-3.896870040893554688e+01
-3.928161239624023438e+01
-3.957670211791992188e+01
-3.985355758666992188e+01
-4.011177444458007812e+01
-4.035093307495117188e+01
-4.057063293457031250e+01
-4.077046585083007812e+01
-4.095001220703125000e+01
-4.110887145996093750e+01
-4.124663162231445312e+01
-4.136288070678710938e+01
-4.145721435546875000e+01
-4.152921295166015625e+01
-4.157847595214843750e+01
-4.160459518432617188e+01
-4.160715484619140625e+01
-4.158574295043945312e+01
-4.154001235961914062e+01
-4.146982574462890625e+01
-4.137509155273437500e+01
-4.125572967529296875e+01
-4.111165618896484375e+01
-4.094278717041015625e+01
-4.074904251098632812e+01
-4.053033065795898438e+01
-4.028657531738281250e+01
-4.001768493652343750e+01
-3.972358322143554688e+01
-3.940418243408203125e+01
-3.905939865112304688e+01
-3.868915176391601562e+01
-3.829335403442382812e+01
-3.787192535400390625e+01
-3.742477416992187500e+01
-3.695182418823242188e+01
-3.645299148559570312e+01
-3.592819213867187500e+01
-3.537733840942382812e+01
-3.480034637451171875e+01
-3.419713592529296875e+01
-3.356762313842773438e+01
-3.291172027587890625e+01
-3.222940063476562500e+01
-3.152083587646484375e+01
-3.078626060485839844e+01
-3.002589797973632812e+01
-2.923998069763183594e+01
-2.842873382568359375e+01
-2.759238815307617188e+01
-2.673117256164550781e+01
-2.584531593322753906e+01
-2.493504524230957031e+01
-2.400058937072753906e+01
-2.304218101501464844e+01
-2.206004142761230469e+01
-2.105440521240234375e+01
-2.002550125122070312e+01
-1.897355461120605469e+01
-1.789879608154296875e+01
-1.680145454406738281e+01
-1.568175601959228516e+01
-1.453993320465087891e+01
-1.337621307373046875e+01
-1.219082450866699219e+01
-1.098399448394775391e+01
-9.755953788757324219e+00
-8.506930351257324219e+00
-7.237231731414794922e+00
-5.947478771209716797e+00
-4.638371467590332031e+00
-3.310610055923461914e+00
-1.964894056320190430e+00
-6.019235849380493164e-01
7.776015400886535645e-01
2.172981262207031250e+00
3.583516120910644531e+00
5.008505344390869141e+00
6.447249889373779297e+00
7.899050235748291016e+00
9.363204002380371094e+00
1.083901500701904297e+01
1.232578086853027344e+01
1.382280158996582031e+01
1.532937908172607422e+01
1.684481048583984375e+01
1.836839866638183594e+01
1.989944267272949219e+01
2.143724250793457031e+01
2.298110008239746094e+01
2.453031158447265625e+01
2.608418273925781250e+01
2.764200592041015625e+01
2.920308685302734375e+01
3.076672935485839844e+01
3.233222198486328125e+01
3.389887237548828125e+01
3.546598434448242188e+01
3.703284835815429688e+01
3.859877014160156250e+01
4.016305160522460938e+01
4.172498703002929688e+01
4.328388595581054688e+01
4.483903884887695312e+01
4.638974761962890625e+01
4.793531799316406250e+01
4.947504043579101562e+01
5.100822830200195312e+01
5.253416824340820312e+01
5.405216598510742188e+01
5.556152725219726562e+01
5.706154632568359375e+01
5.855152130126953125e+01
6.003075027465820312e+01
6.149854278564453125e+01
6.295419692993164062e+01
6.439700317382812500e+01
6.582627868652343750e+01
6.724133300781250000e+01
6.864162445068359375e+01
7.002662658691406250e+01
7.139581298828125000e+01
7.274867248535156250e+01
7.408466339111328125e+01
7.540327453613281250e+01
7.670397949218750000e+01
7.798625183105468750e+01
7.924956512451171875e+01
8.049340057373046875e+01
8.171723937988281250e+01
8.292053985595703125e+01
8.410279846191406250e+01
8.526348114013671875e+01
8.640206909179687500e+01
8.751802062988281250e+01
8.861083984375000000e+01
8.967998504638671875e+01
9.072492980957031250e+01
9.174516296386718750e+01
9.274015808105468750e+01
9.370938110351562500e+01
9.465232086181640625e+01
9.556844329833984375e+01
9.645723724365234375e+01
9.731816101074218750e+01
9.815069580078125000e+01
9.895433044433593750e+01
9.972853088378906250e+01
1.004727859497070312e+02
1.011865463256835938e+02
1.018693084716796875e+02
1.025205383300781250e+02
1.031397247314453125e+02
1.037263336181640625e+02
1.042798385620117188e+02
1.047997283935546875e+02
1.052854690551757812e+02
1.057365417480468750e+02
1.061524124145507812e+02
1.065325698852539062e+02
1.068764801025390625e+02
1.071836318969726562e+02
1.074534912109375000e+02
1.076855392456054688e+02
1.078792419433593750e+02
1.080340881347656250e+02
1.081495590209960938e+02
1.082251129150390625e+02
1.082603683471679688e+02
1.082555389404296875e+02
1.082109375000000000e+02
1.081268920898437500e+02
1.080037460327148438e+02
1.078418273925781250e+02
1.076414718627929688e+02
1.074030075073242188e+02
1.071267700195312500e+02
1.068130874633789062e+02
1.064623031616210938e+02
1.060747299194335938e+02
1.056507186889648438e+02
1.051905899047851562e+02
1.046946792602539062e+02
1.041633224487304688e+02
1.035968399047851562e+02
1.029955749511718750e+02
1.023598709106445312e+02
1.016900329589843750e+02
1.009864044189453125e+02
1.002493286132812500e+02
9.947913360595703125e+01
9.867613983154296875e+01
9.784068298339843750e+01
9.697309875488281250e+01
9.607373046875000000e+01
9.514289855957031250e+01
9.418092346191406250e+01
9.318815612792968750e+01
9.216493225097656250e+01
9.111156463623046875e+01
9.002839660644531250e+01
8.891576385498046875e+01
8.777399444580078125e+01
8.660341644287109375e+01
8.540436553955078125e+01
8.417717742919921875e+01
8.292218017578125000e+01
8.163970947265625000e+01
8.033008575439453125e+01
7.899365997314453125e+01
7.763075256347656250e+01
7.624169921875000000e+01
7.482682800292968750e+01
7.338647460937500000e+01
7.192097473144531250e+01
7.043065643310546875e+01
6.891584777832031250e+01
6.737689208984375000e+01
6.581419372558593750e+01
6.422851562500000000e+01
6.262070083618164062e+01
6.099159240722656250e+01
5.934202957153320312e+01
5.767285156250000000e+01
5.598489761352539062e+01
5.427901077270507812e+01
5.255604171752929688e+01
5.081682205200195312e+01
4.906219482421875000e+01
4.729300308227539062e+01
4.551008987426757812e+01
4.371429443359375000e+01
4.190645599365234375e+01
4.008742141723632812e+01
3.825802993774414062e+01
3.641911697387695312e+01
3.457153701782226562e+01
3.271612167358398438e+01
3.085371589660644531e+01
2.898516082763671875e+01
2.711129760742187500e+01
2.523296356201171875e+01
2.335100746154785156e+01
2.146626663208007812e+01
1.957958602905273438e+01
1.769180107116699219e+01
1.580375957489013672e+01
1.391629886627197266e+01
1.203026199340820312e+01
1.014649105072021484e+01
8.265827178955078125e+00
6.389111042022705078e+00
4.517184734344482422e+00
2.650889873504638672e+00
7.910677194595336914e-01
-1.061440110206604004e+00
-2.905792236328125000e+00
-4.741147041320800781e+00
-6.566662788391113281e+00
-8.381498336791992188e+00
-1.018481254577636719e+01
-1.197576236724853516e+01
-1.375350761413574219e+01
-1.551720714569091797e+01
-1.726601982116699219e+01
-1.899910163879394531e+01
-2.071561241149902344e+01
-2.241471290588378906e+01
-2.409562873840332031e+01
-2.575786972045898438e+01
-2.740101623535156250e+01
-2.902465248107910156e+01
-3.062835502624511719e+01
-3.221170043945312500e+01
-3.377428054809570312e+01
-3.531566238403320312e+01
-3.683543395996093750e+01
-3.833317184448242188e+01
-3.980846405029296875e+01
-4.126087570190429688e+01
-4.269000244140625000e+01
-4.409541320800781250e+01
-4.547669219970703125e+01
-4.683342361450195312e+01
-4.816518402099609375e+01
-4.947154998779296875e+01
-5.075210952758789062e+01
-5.200643920898437500e+01
-5.323411560058593750e+01
-5.443472671508789062e+01
-5.560784530639648438e+01
-5.675305175781250000e+01
-5.786993408203125000e+01
-5.895806121826171875e+01
-6.001702117919921875e+01
-6.104639434814453125e+01
-6.204576110839843750e+01
-6.301469421386718750e+01
-6.395278167724609375e+01
-6.485959625244140625e+01
-6.573473358154296875e+01
-6.657775878906250000e+01
-6.738825225830078125e+01
-6.816580200195312500e+01
-6.890998077392578125e+01
-6.962037658691406250e+01
-7.029656219482421875e+01
-7.093812561035156250e+01
-7.154463958740234375e+01
-7.211569213867187500e+01
-7.265085601806640625e+01
-7.314971160888671875e+01
-7.361183929443359375e+01
-7.403682708740234375e+01
-7.442424774169921875e+01
-7.477368164062500000e+01
-7.508471679687500000e+01
-7.535692596435546875e+01
-7.559003448486328125e+01
-7.578435516357421875e+01
-7.594035339355468750e+01
-7.605847167968750000e+01
-7.613919830322265625e+01
-7.618296051025390625e+01
-7.619023895263671875e+01
-7.616148376464843750e+01
-7.609714508056640625e+01
-7.599769592285156250e+01
-7.586359405517578125e+01
-7.569528961181640625e+01
-7.549324035644531250e+01
-7.525791168212890625e+01
-7.498976898193359375e+01
-7.468925476074218750e+01
-7.435683441162109375e+01
-7.399297332763671875e+01
-7.359812164306640625e+01
-7.317274475097656250e+01
-7.271729278564453125e+01
-7.223223876953125000e+01
-7.171802520751953125e+01
-7.117511749267578125e+01
-7.060397338867187500e+01
-7.000505828857421875e+01
-6.937882232666015625e+01
-6.872572326660156250e+01
-6.804623413085937500e+01
-6.734079742431640625e+01
-6.660987854003906250e+01
-6.585393524169921875e+01
-6.507341766357421875e+01
-6.426880645751953125e+01
-6.344054412841796875e+01
-6.258909225463867188e+01
-6.171490859985351562e+01
-6.081845474243164062e+01
-5.990019226074218750e+01
-5.896056747436523438e+01
-5.800005340576171875e+01
-5.701910018920898438e+01
-5.601816940307617188e+01
-5.499771881103515625e+01
-5.395820617675781250e+01
-5.290008926391601562e+01
-5.182383346557617188e+01
-5.072989273071289062e+01
-4.961872863769531250e+01
-4.849079132080078125e+01
-4.734660720825195312e+01
-4.618692016601562500e+01
-4.501253128051757812e+01
-4.382424545288085938e+01
-4.262286758422851562e+01
-4.140920257568359375e+01
-4.018405532836914062e+01
-3.894822692871093750e+01
-3.770252227783203125e+01
-3.644774246215820312e+01
-3.518470001220703125e+01
-3.391419219970703125e+01
-3.263702392578125000e+01
-3.135400009155273438e+01
-3.006592369079589844e+01
-2.877360153198242188e+01
-2.747783660888671875e+01
-2.617943000793457031e+01
-2.487918853759765625e+01
-2.357791709899902344e+01
-2.227641677856445312e+01
-2.097549438476562500e+01
-1.967595100402832031e+01
-1.837859535217285156e+01
-1.708422470092773438e+01
-1.579364967346191406e+01
-1.450767040252685547e+01
-1.322709274291992188e+01
-1.195272064208984375e+01
-1.068535709381103516e+01
-9.425806999206542969e+00
-8.174873352050781250e+00
-6.933362007141113281e+00
-5.702075004577636719e+00
-4.481817722320556641e+00
-3.273393630981445312e+00
-2.077607393264770508e+00
-8.952623605728149414e-01
2.728371322154998779e-01
1.425886988639831543e+00
2.563083171844482422e+00
3.683621883392333984e+00
4.786698341369628906e+00
5.871509552001953125e+00
6.937251091003417969e+00
7.983118057250976562e+00
9.008307456970214844e+00
1.001201534271240234e+01
1.099343681335449219e+01
1.195176792144775391e+01
1.288629722595214844e+01
1.379667758941650391e+01
1.468265533447265625e+01
1.554397487640380859e+01
1.638038444519042969e+01
1.719162750244140625e+01
1.797745132446289062e+01
1.873759841918945312e+01
1.947181701660156250e+01
2.017985343933105469e+01
2.086145210266113281e+01
2.151635551452636719e+01
2.214431571960449219e+01
2.274507522583007812e+01
2.331837844848632812e+01
2.386397171020507812e+01
2.438160133361816406e+01
2.487101364135742188e+01
2.533195304870605469e+01
2.576416587829589844e+01
2.616739654541015625e+01
2.654138946533203125e+01
2.688589477539062500e+01
2.720065689086914062e+01
2.748541641235351562e+01
2.773992538452148438e+01
2.796392631530761719e+01
2.815716552734375000e+01
2.831938743591308594e+01
2.845034027099609375e+01
2.854976654052734375e+01
2.861741256713867188e+01
2.865302658081054688e+01
2.865635299682617188e+01
2.862713432312011719e+01
2.856512260437011719e+01
2.847005653381347656e+01
2.834168434143066406e+01
2.817975616455078125e+01
2.798401069641113281e+01
2.775419807434082031e+01
2.749006080627441406e+01
2.719134902954101562e+01
2.685780334472656250e+01
2.648917198181152344e+01
2.608520126342773438e+01
2.564563369750976562e+01
2.517021751403808594e+01
2.465869712829589844e+01
2.411082077026367188e+01
2.352646636962890625e+01
2.290606689453125000e+01
2.225018692016601562e+01
2.155939292907714844e+01
2.083424949645996094e+01
2.007532501220703125e+01
1.928318214416503906e+01
1.845838737487792969e+01
1.760150909423828125e+01
1.671310997009277344e+01
1.579375934600830078e+01
1.484401988983154297e+01
1.386445999145507812e+01
1.285564327239990234e+01
1.181813716888427734e+01
1.075250816345214844e+01
9.659320831298828125e+00
8.539140701293945312e+00
7.392535209655761719e+00
6.220069408416748047e+00
5.022309303283691406e+00
3.799820423126220703e+00
2.553169488906860352e+00
1.282921671867370605e+00
-1.035694964230060577e-02
-1.326100349426269531e+00
-2.663742542266845703e+00
-4.022717952728271484e+00
-5.402460575103759766e+00
-6.802404880523681641e+00
-8.221982955932617188e+00
-9.660632133483886719e+00
-1.111778450012207031e+01
-1.259287452697753906e+01
-1.408533573150634766e+01
-1.559460258483886719e+01
-1.712010955810546875e+01
-1.866129302978515625e+01
-2.021758270263671875e+01
-2.178841400146484375e+01
-2.337322235107421875e+01
-2.497144126892089844e+01
-2.658250427246093750e+01
-2.820584678649902344e+01
-2.984090042114257812e+01
-3.148710441589355469e+01
-3.314388656616210938e+01
-3.481068420410156250e+01
-3.648693084716796875e+01
-3.817206192016601562e+01
-3.986547470092773438e+01
-4.156643295288085938e+01
-4.327415847778320312e+01
-4.498788452148437500e+01
-4.670684051513671875e+01
-4.843024063110351562e+01
-5.015732192993164062e+01
-5.188731002807617188e+01
-5.361942672729492188e+01
-5.535290527343750000e+01
-5.708697128295898438e+01
-5.882084274291992188e+01
-6.055376052856445312e+01
-6.228494644165039062e+01
-6.401361846923828125e+01
-6.573901367187500000e+01
-6.746035003662109375e+01
-6.917686462402343750e+01
-7.088778686523437500e+01
-7.259233093261718750e+01
-7.428972625732421875e+01
-7.597920227050781250e+01
-7.765998840332031250e+01
-7.933130645751953125e+01
-8.099239349365234375e+01
-8.264246368408203125e+01
-8.428075408935546875e+01
-8.590647125244140625e+01
-8.751887512207031250e+01
-8.911716461181640625e+01
-9.070058441162109375e+01
-9.226834869384765625e+01
-9.381968688964843750e+01
-9.535382843017578125e+01
-9.687000274658203125e+01
-9.836743164062500000e+01
-9.984535217285156250e+01
-1.013029708862304688e+02
-1.027395324707031250e+02
-1.041542587280273438e+02
-1.055463790893554688e+02
-1.069151077270507812e+02
-1.082596893310546875e+02
-1.095793457031250000e+02
-1.108732910156250000e+02
-1.121407623291015625e+02
-1.133809890747070312e+02
-1.145931930541992188e+02
-1.157766036987304688e+02
-1.169304428100585938e+02
-1.180540390014648438e+02
-1.191471252441406250e+02
-1.202095184326171875e+02
-1.212410430908203125e+02
-1.222415313720703125e+02
-1.232108001708984375e+02
-1.241486816406250000e+02
-1.250549774169921875e+02
-1.259295425415039062e+02
-1.267721862792968750e+02
-1.275827255249023438e+02
-1.283610076904296875e+02
-1.291068420410156250e+02
-1.298200531005859375e+02
-1.305004730224609375e+02
-1.311479187011718750e+02
-1.317622070312500000e+02
-1.323431854248046875e+02
-1.328906555175781250e+02
-1.334044647216796875e+02
-1.338844146728515625e+02
-1.343303527832031250e+02
-1.347420959472656250e+02
-1.351194458007812500e+02
-1.354622497558593750e+02
-1.357703399658203125e+02
-1.360435180664062500e+02
-1.362816162109375000e+02
-1.364844818115234375e+02
-1.366519165039062500e+02
-1.367837371826171875e+02
-1.368797912597656250e+02
-1.369398651123046875e+02
-1.369638519287109375e+02
-1.369515075683593750e+02
-1.369026947021484375e+02
-1.368172149658203125e+02
-1.366949157714843750e+02
-1.365356140136718750e+02
-1.363391113281250000e+02
-1.361052703857421875e+02
-1.358338928222656250e+02
-1.355248260498046875e+02
-1.351778564453125000e+02
-1.347928314208984375e+02
-1.343695831298828125e+02
-1.339079132080078125e+02
-1.334076538085937500e+02
-1.328686523437500000e+02
-1.322907104492187500e+02
-1.316737976074218750e+02
-1.310183258056640625e+02
-1.303249359130859375e+02
-1.295941467285156250e+02
-1.288265686035156250e+02
-1.280227813720703125e+02
-1.271833496093750000e+02
-1.263088760375976562e+02
-1.253999252319335938e+02
-1.244570693969726562e+02
-1.234808883666992188e+02
-1.224719848632812500e+02
-1.214309005737304688e+02
-1.203582534790039062e+02
-1.192545928955078125e+02
-1.181205215454101562e+02
-1.169565963745117188e+02
-1.157634201049804688e+02
-1.145415420532226562e+02
-1.132915649414062500e+02
-1.120140609741210938e+02
-1.107096023559570312e+02
-1.093787841796875000e+02
-1.080221786499023438e+02
-1.066403579711914062e+02
-1.052339019775390625e+02
-1.038033981323242188e+02
-1.023494186401367188e+02
-1.008725585937500000e+02
-9.937336730957031250e+01
-9.785244750976562500e+01
-9.631037139892578125e+01
-9.474771118164062500e+01
-9.316506195068359375e+01
-9.156299591064453125e+01
-8.994207763671875000e+01
-8.830290985107421875e+01
-8.664605712890625000e+01
-8.497210693359375000e+01
-8.328163146972656250e+01
-8.157521057128906250e+01
-7.985342407226562500e+01
-7.811685180664062500e+01
-7.636607360839843750e+01
-7.460166168212890625e+01
-7.282421112060546875e+01
-7.103428649902343750e+01
-6.923247528076171875e+01
-6.741934967041015625e+01
-6.559549713134765625e+01
-6.376151275634765625e+01
-6.191812133789062500e+01
-6.006605911254882812e+01
-5.820606231689453125e+01
-5.633887863159179688e+01
-5.446524047851562500e+01
-5.258589553833007812e+01
-5.070157623291015625e+01
-4.881302642822265625e+01
-4.692098999023437500e+01
-4.502620315551757812e+01
-4.312940597534179688e+01
-4.123134613037109375e+01
-3.933275222778320312e+01
-3.743437194824218750e+01
-3.553694534301757812e+01
-3.364120864868164062e+01
-3.174790573120117188e+01
-2.985778045654296875e+01
-2.797156524658203125e+01
-2.609000396728515625e+01
-2.421383666992187500e+01
-2.234380531311035156e+01
-2.048064804077148438e+01
-1.862510681152343750e+01
-1.677792167663574219e+01
-1.493982982635498047e+01
-1.311157703399658203e+01
-1.129389953613281250e+01
-9.487538337707519531e+00
-7.693235397338867188e+00
-5.911729335784912109e+00
-4.143761634826660156e+00
-2.390071630477905273e+00
-6.514001488685607910e-01
1.071512579917907715e+00
2.777926206588745117e+00
4.467100620269775391e+00
6.138294696807861328e+00
7.790768623352050781e+00
9.423783302307128906e+00
1.103659629821777344e+01
1.262846851348876953e+01
1.419865989685058594e+01
1.574643039703369141e+01
1.727103805541992188e+01
1.877174186706542969e+01
2.024780464172363281e+01
2.169848442077636719e+01
2.312304115295410156e+01
2.452082824707031250e+01
2.589157485961914062e+01
2.723511123657226562e+01
2.855125236511230469e+01
2.983983421325683594e+01
3.110066986083984375e+01
3.233359527587890625e+01
3.353842544555664062e+01
3.471498870849609375e+01
3.586311340332031250e+01
3.698262023925781250e+01
3.807332992553710938e+01
3.913507461547851562e+01
4.016767883300781250e+01
4.117095565795898438e+01
4.214474487304687500e+01
4.308886337280273438e+01
4.400313568115234375e+01
4.488739013671875000e+01
4.574144744873046875e+01
4.656512832641601562e+01
4.735826873779296875e+01
4.812068557739257812e+01
4.885220336914062500e+01
4.955265045166015625e+01
5.022184753417968750e+01
5.085962295532226562e+01
5.146579742431640625e+01
5.204019927978515625e+01
5.258265304565429688e+01
5.309297561645507812e+01
5.357100296020507812e+01
5.401655197143554688e+01
5.442945480346679688e+01
5.480952453613281250e+01
5.515658950805664062e+01
5.547048568725585938e+01
5.575102233886718750e+01
5.599803924560546875e+01
5.621134567260742188e+01
5.639077377319335938e+01
5.653614807128906250e+01
5.664728927612304688e+01
5.672402954101562500e+01
5.676618957519531250e+01
5.677359390258789062e+01
5.674606704711914062e+01
5.668342971801757812e+01
5.658551406860351562e+01
5.645214080810546875e+01
5.628324508666992188e+01
5.607919311523437500e+01
5.584048080444335938e+01
5.556757354736328125e+01
5.526096725463867188e+01
5.492113876342773438e+01
5.454857254028320312e+01
5.414374542236328125e+01
5.370714950561523438e+01
5.323925781250000000e+01
5.274055099487304688e+01
5.221152114868164062e+01
5.165264511108398438e+01
5.106440353393554688e+01
5.044728469848632812e+01
4.980176162719726562e+01
4.912832260131835938e+01
4.842744827270507812e+01
4.769962310791015625e+01
4.694532775878906250e+01
4.616504287719726562e+01
4.535925292968750000e+01
4.452844238281250000e+01
4.367308807373046875e+01
4.279367446899414062e+01
4.189068222045898438e+01
4.096459960937500000e+01
4.001589965820312500e+01
3.904507446289062500e+01
3.805260086059570312e+01
3.703895950317382812e+01
3.600463485717773438e+01
3.495010757446289062e+01
3.387586212158203125e+01
3.278238296508789062e+01
3.167014884948730469e+01
3.053963851928710938e+01
2.939134407043457031e+01
2.822573852539062500e+01
2.704330635070800781e+01
2.584453392028808594e+01
2.462989807128906250e+01
2.339988517761230469e+01
2.215497589111328125e+01
2.089565086364746094e+01
1.962239456176757812e+01
1.833568954467773438e+01
1.703601455688476562e+01
1.572385692596435547e+01
1.439969444274902344e+01
1.306403255462646484e+01
1.171745204925537109e+01
1.036055850982666016e+01
8.993953704833984375e+00
7.618240356445312500e+00
6.234023094177246094e+00
4.841904163360595703e+00
3.442487955093383789e+00
2.036376714706420898e+00
6.241742372512817383e-01
-7.935165166854858398e-01
-2.216092109680175781e+00
-3.642949104309082031e+00
-5.073484420776367188e+00
-6.507095336914062500e+00
-7.943177223205566406e+00
-9.381128311157226562e+00
-1.082034492492675781e+01
-1.226022243499755859e+01
-1.370015907287597656e+01
-1.513955211639404297e+01
-1.657779502868652344e+01
-1.801428985595703125e+01
-1.944842910766601562e+01
-2.087960815429687500e+01
-2.230722999572753906e+01
-2.373068618774414062e+01
-2.514937591552734375e+01
-2.656269454956054688e+01
-2.797003746032714844e+01
-2.937080383300781250e+01
-3.076439285278320312e+01
-3.215019226074218750e+01
-3.352760696411132812e+01
-3.489603424072265625e+01
-3.625486755371093750e+01
-3.760350418090820312e+01
-3.894133758544921875e+01
-4.026776885986328125e+01
-4.158219146728515625e+01
-4.288400650024414062e+01
-4.417261123657226562e+01
-4.544739532470703125e+01
-4.670775985717773438e+01
-4.795310211181640625e+01
-4.918281936645507812e+01
-5.039630508422851562e+01
-5.159296417236328125e+01
-5.277217864990234375e+01
-5.393335723876953125e+01
-5.507596588134765625e+01
-5.619976043701171875e+01
-5.730456542968750000e+01
-5.839020919799804688e+01
-5.945652770996093750e+01
-6.050333023071289062e+01
-6.153046035766601562e+01
-6.253774261474609375e+01
-6.352499771118164062e+01
-6.449205780029296875e+01
-6.543875885009765625e+01
-6.636490631103515625e+01
-6.727035522460937500e+01
-6.815490722656250000e+01
-6.901840209960937500e+01
-6.986067962646484375e+01
-7.068154144287109375e+01
-7.148083496093750000e+01
-7.225836944580078125e+01
-7.301399993896484375e+01
-7.374752807617187500e+01
-7.445879364013671875e+01
-7.514762115478515625e+01
-7.581383514404296875e+01
-7.645727539062500000e+01
-7.707775115966796875e+01
-7.767510223388671875e+01
-7.824915313720703125e+01
-7.879973602294921875e+01
-7.932666778564453125e+01
-7.982978057861328125e+01
-8.030890655517578125e+01
-8.076387023925781250e+01
-8.119449615478515625e+01
-8.160061645507812500e+01
-8.198204803466796875e+01
-8.233863830566406250e+01
-8.267020416259765625e+01
-8.297656250000000000e+01
-8.325755310058593750e+01
-8.351300811767578125e+01
-8.374274444580078125e+01
-8.394658660888671875e+01
-8.412437438964843750e+01
-8.427593231201171875e+01
-8.440107727050781250e+01
-8.449964141845703125e+01
-8.457146453857421875e+01
-8.461636352539062500e+01
-8.463417053222656250e+01
-8.462478637695312500e+01
-8.458850097656250000e+01
-8.452567291259765625e+01
-8.443665313720703125e+01
-8.432180786132812500e+01
-8.418149566650390625e+01
-8.401609039306640625e+01
-8.382592773437500000e+01
-8.361138153076171875e+01
-8.337281036376953125e+01
-8.311058807373046875e+01
-8.282505035400390625e+01
-8.251657104492187500e+01
-8.218551635742187500e+01
-8.183223724365234375e+01
-8.145709228515625000e+01
-8.106045532226562500e+01
-8.064267730712890625e+01
-8.020411682128906250e+01
-7.974514007568359375e+01
-7.926609802246093750e+01
-7.876736450195312500e+01
-7.824929046630859375e+01
-7.771224212646484375e+01
-7.715657043457031250e+01
-7.658264923095703125e+01
-7.599082946777343750e+01
-7.538147735595703125e+01
-7.475494384765625000e+01
-7.411160278320312500e+01
-7.345180511474609375e+01
-7.277590942382812500e+01
-7.208428955078125000e+01
-7.137728881835937500e+01
-7.065528106689453125e+01
-6.991861724853515625e+01
-6.916767120361328125e+01
-6.840277862548828125e+01
-6.762432861328125000e+01
-6.683267211914062500e+01
-6.602815246582031250e+01
-6.521115112304687500e+01
-6.438202667236328125e+01
-6.354112625122070312e+01
-6.268882369995117188e+01
-6.182546615600585938e+01
-6.095143127441406250e+01
-6.006706619262695312e+01
-5.917273330688476562e+01
-5.826879882812500000e+01
-5.735563659667968750e+01
-5.643370056152343750e+01
-5.550344848632812500e+01
-5.456535720825195312e+01
-5.361989212036132812e+01
-5.266751861572265625e+01
-5.170870971679687500e+01
-5.074392700195312500e+01
-4.977363586425781250e+01
-4.879831314086914062e+01
-4.781842041015625000e+01
-4.683442687988281250e+01
-4.584680175781250000e+01
-4.485600662231445312e+01
-4.386251449584960938e+01
-4.286679077148437500e+01
-4.186930084228515625e+01
-4.087052154541015625e+01
-3.987091064453125000e+01
-3.887093734741210938e+01
-3.787107467651367188e+01
-3.687178421020507812e+01
-3.587353515625000000e+01
-3.487679290771484375e+01
-3.388203430175781250e+01
-3.288971328735351562e+01
-3.190030860900878906e+01
-3.091428756713867188e+01
-2.993210601806640625e+01
-2.895424461364746094e+01
-2.798116493225097656e+01
-2.701333618164062500e+01
-2.605122566223144531e+01
-2.509529876708984375e+01
-2.414602470397949219e+01
-2.320387077331542969e+01
-2.226930618286132812e+01
-2.134279632568359375e+01
-2.042481040954589844e+01
-1.951581573486328125e+01
-1.861627960205078125e+01
-1.772666740417480469e+01
-1.684745025634765625e+01
-1.597909450531005859e+01
-1.512206745147705078e+01
-1.427683448791503906e+01
-1.344386863708496094e+01
-1.262363243103027344e+01
-1.181659507751464844e+01
-1.102322483062744141e+01
-1.024393081665039062e+01
-9.478894233703613281e+00
-8.728236198425292969e+00
-7.992080211639404297e+00
-7.270549297332763672e+00
-6.563765048980712891e+00
-5.871850967407226562e+00
-5.194928646087646484e+00
-4.533121109008789062e+00
-3.886551380157470703e+00
-3.255341291427612305e+00
-2.639614105224609375e+00
-2.039491891860961914e+00
-1.455097794532775879e+00
-8.865539431571960449e-01
-3.339830040931701660e-01
2.024923115968704224e-01
7.227494716644287109e-01
1.226665973663330078e+00
1.714119076728820801e+00
2.184986352920532227e+00
2.639145135879516602e+00
3.076472759246826172e+00
3.496846914291381836e+00
3.900144338607788086e+00
4.286243438720703125e+00
4.655020713806152344e+00
5.006354331970214844e+00
5.340121269226074219e+00
5.656198978424072266e+00
5.954464912414550781e+00
6.234796524047851562e+00
6.497070789337158203e+00
6.741166114807128906e+00
6.966958522796630859e+00
7.174327373504638672e+00
7.363147735595703125e+00
7.533298969268798828e+00
7.684657573699951172e+00
7.817101001739501953e+00
7.930507183074951172e+00
8.024752616882324219e+00
8.099715232849121094e+00
8.155272483825683594e+00
8.191302299499511719e+00
8.207680702209472656e+00
8.204286575317382812e+00
8.180996894836425781e+00
8.137687683105468750e+00
8.074237823486328125e+00
7.990592479705810547e+00
7.886962413787841797e+00
7.763628482818603516e+00
7.620870113372802734e+00
7.458965778350830078e+00
7.278196811676025391e+00
7.078842163085937500e+00
6.861180782318115234e+00
6.625493049621582031e+00
6.372058868408203125e+00
6.101156711578369141e+00
5.813067436218261719e+00
5.508069992065429688e+00
5.186444282531738281e+00
4.848469257354736328e+00
4.494425296783447266e+00
4.124591827392578125e+00
3.739248514175415039e+00
3.338675022125244141e+00
2.923150777816772461e+00
2.492955446243286133e+00
2.048368453979492188e+00
1.589670062065124512e+00
1.117139220237731934e+00
6.310559511184692383e-01
1.316996663808822632e-01
-3.806498646736145020e-01
-9.057131409645080566e-01
-1.443210482597351074e+00
-1.992862105369567871e+00
-2.554388761520385742e+00
-3.127510309219360352e+00
-3.711947679519653320e+00
-4.307420730590820312e+00
-4.913650512695312500e+00
-5.530356407165527344e+00
-6.157259941101074219e+00
-6.794080257415771484e+00
-7.440538883209228516e+00
-8.096356391906738281e+00
-8.761251449584960938e+00
-9.434945106506347656e+00
-1.011715984344482422e+01
-1.080761337280273438e+01
-1.150602626800537109e+01
-1.221212005615234375e+01
-1.292561531066894531e+01
-1.364623165130615234e+01
-1.437368869781494141e+01
-1.510770797729492188e+01
-1.584799575805664062e+01
-1.659420776367187500e+01
-1.734598731994628906e+01
-1.810297012329101562e+01
-1.886480331420898438e+01
-1.963112449645996094e+01
-2.040157890319824219e+01
-2.117580413818359375e+01
-2.195344352722167969e+01
-2.273413658142089844e+01
-2.351752853393554688e+01
-2.430325889587402344e+01
-2.509096908569335938e+01
-2.588029861450195312e+01
-2.667089080810546875e+01
-2.746238708496093750e+01
-2.825443077087402344e+01
-2.904665946960449219e+01
-2.983871459960937500e+01
-3.063024330139160156e+01
-3.142088127136230469e+01
-3.221027374267578125e+01
-3.299805831909179688e+01
-3.378387832641601562e+01
-3.456737518310546875e+01
-3.534819030761718750e+01
-3.612596511840820312e+01
-3.690034103393554688e+01
-3.767096328735351562e+01
-3.843746566772460938e+01
-3.919949722290039062e+01
-3.995669174194335938e+01
-4.070869827270507812e+01
-4.145515441894531250e+01
-4.219570159912109375e+01
-4.292997741699218750e+01
-4.365763092041015625e+01
-4.437829971313476562e+01
-4.509162521362304688e+01
-4.579725265502929688e+01
-4.649481582641601562e+01
-4.718395996093750000e+01
-4.786433029174804688e+01
-4.853556442260742188e+01
-4.919730377197265625e+01
-4.984918975830078125e+01
-5.049086380004882812e+01
-5.112197113037109375e+01
-5.174214935302734375e+01
-5.235103607177734375e+01
-5.294832611083984375e+01
-5.353387069702148438e+01
-5.410757446289062500e+01
-5.466934585571289062e+01
-5.521908569335937500e+01
-5.575669479370117188e+01
-5.628207778930664062e+01
-5.679513549804687500e+01
-5.729578018188476562e+01
-5.778389739990234375e+01
-5.825941085815429688e+01
-5.872220993041992188e+01
-5.917220306396484375e+01
-5.960929489135742188e+01
-6.003338623046875000e+01
-6.044437408447265625e+01
-6.084217453002929688e+01
-6.122668457031250000e+01
-6.159780883789062500e+01
-6.195544815063476562e+01
-6.229950332641601562e+01
-6.262987899780273438e+01
-6.294648742675781250e+01
-6.324922180175781250e+01
-6.353798675537109375e+01
-6.381269073486328125e+01
-6.407322692871093750e+01
-6.431951904296875000e+01
-6.455144500732421875e+01
-6.476892089843750000e+01
-6.497184753417968750e+01
-6.516012573242187500e+01
-6.533367156982421875e+01
-6.549237060546875000e+01
-6.563613128662109375e+01
-6.576486968994140625e+01
-6.587847900390625000e+01
-6.597685241699218750e+01
-6.605991363525390625e+01
-6.612755584716796875e+01
-6.617967224121093750e+01
-6.621618652343750000e+01
-6.623698425292968750e+01
-6.624198150634765625e+01
-6.623107147216796875e+01
-6.620416259765625000e+01
-6.616115570068359375e+01
-6.610195159912109375e+01
-6.602647399902343750e+01
-6.593459320068359375e+01
-6.582627868652343750e+01
-6.570170593261718750e+01
-6.556106567382812500e+01
-6.540457153320312500e+01
-6.523243713378906250e+01
-6.504486846923828125e+01
-6.484208679199218750e+01
-6.462429809570312500e+01
-6.439170837402343750e+01
-6.414453887939453125e+01
-6.388298416137695312e+01
-6.360726928710937500e+01
-6.331759643554687500e+01
-6.301418304443359375e+01
-6.269724273681640625e+01
-6.236697769165039062e+01
-6.202359390258789062e+01
-6.166731643676757812e+01
-6.129834747314453125e+01
-6.091689682006835938e+01
-6.052318572998046875e+01
-6.011740875244140625e+01
-5.969979858398437500e+01
-5.927053451538085938e+01
-5.882986068725585938e+01
-5.837796401977539062e+01
-5.791506958007812500e+01
-5.744137954711914062e+01
-5.695710754394531250e+01
-5.646246719360351562e+01
-5.595766448974609375e+01
-5.544290924072265625e+01
-5.491842651367187500e+01
-5.438440704345703125e+01
-5.384107208251953125e+01
-5.328862762451171875e+01
-5.272729110717773438e+01
-5.215727233886718750e+01
-5.157877731323242188e+01
-5.099201583862304688e+01
-5.039720535278320312e+01
-4.979455184936523438e+01
-4.918426895141601562e+01
-4.856656646728515625e+01
-4.794165039062500000e+01
-4.730974197387695312e+01
-4.667103958129882812e+01
-4.602576446533203125e+01
-4.537411880493164062e+01
-4.471632385253906250e+01
-4.405259323120117188e+01
-4.338319778442382812e+01
-4.270841979980468750e+01
-4.202853775024414062e+01
-4.134383392333984375e+01
-4.065458679199218750e+01
-3.996107864379882812e+01
-3.926359176635742188e+01
-3.856240081787109375e+01
-3.785779190063476562e+01
-3.715004730224609375e+01
-3.643943786621093750e+01
-3.572625350952148438e+01
-3.501076889038085938e+01
-3.429326629638671875e+01
-3.357403182983398438e+01
-3.285333633422851562e+01
-3.213146972656250000e+01
-3.140870094299316406e+01
-3.068532180786132812e+01
-2.996161079406738281e+01
-2.923784446716308594e+01
-2.851430320739746094e+01
-2.779126930236816406e+01
-2.706902503967285156e+01
-2.634784889221191406e+01
-2.562802124023437500e+01
-2.490982437133789062e+01
-2.419353675842285156e+01
-2.347943878173828125e+01
-2.276781272888183594e+01
-2.205893707275390625e+01
-2.135309410095214844e+01
-2.065056228637695312e+01
-1.995162582397460938e+01
-1.925656318664550781e+01
-1.856565475463867188e+01
-1.787918090820312500e+01
-1.719742012023925781e+01
-1.652065849304199219e+01
-1.584917068481445312e+01
-1.518324089050292969e+01
-1.452314758300781250e+01
-1.386917304992675781e+01
-1.322159576416015625e+01
-1.258069801330566406e+01
-1.194676017761230469e+01
-1.132006168365478516e+01
-1.070088386535644531e+01
-1.008950710296630859e+01
-9.486179351806640625e+00
-8.891025543212890625e+00
-8.304135322570800781e+00
-7.725600719451904297e+00
-7.155512332916259766e+00
-6.593961238861083984e+00
-6.041039943695068359e+00
-5.496838569641113281e+00
-4.961448669433593750e+00
-4.434961795806884766e+00
-3.917469024658203125e+00
-3.409060955047607422e+00
-2.909829854965209961e+00
-2.419866561889648438e+00
-1.939262390136718750e+00
-1.468108296394348145e+00
-1.006495714187622070e+00
-5.545160770416259766e-01
-1.122604683041572571e-01
3.201798796653747559e-01
7.427136898040771484e-01
1.155249595642089844e+00
1.557696580886840820e+00
1.949963212013244629e+00
2.331958293914794922e+00
2.703590631484985352e+00
3.064768791198730469e+00
3.415401697158813477e+00
3.755398035049438477e+00
4.084666252136230469e+00
4.403116226196289062e+00
4.710655212402343750e+00
5.007192611694335938e+00
5.292636871337890625e+00
5.566897869110107422e+00
5.829883098602294922e+00
6.081501960754394531e+00
6.321662902832031250e+00
6.550274372100830078e+00
6.767245769500732422e+00
6.972485542297363281e+00
7.165902614593505859e+00
7.347405433654785156e+00
7.516903400421142578e+00
7.674304485321044922e+00
7.819517135620117188e+00
7.952451229095458984e+00
8.073015213012695312e+00
8.181117057800292969e+00
8.276666641235351562e+00
8.359610557556152344e+00
8.430050849914550781e+00
8.488129615783691406e+00
8.533987045288085938e+00
8.567765235900878906e+00
8.589604377746582031e+00
8.599646568298339844e+00
8.598030090332031250e+00
8.584898948669433594e+00
8.560393333435058594e+00
8.524654388427734375e+00
8.477822303771972656e+00
8.420039176940917969e+00
8.351445198059082031e+00
8.272182464599609375e+00
8.182389259338378906e+00
8.082211494445800781e+00
7.971786022186279297e+00
7.851255416870117188e+00
7.720761775970458984e+00
7.580443382263183594e+00
7.430443763732910156e+00
7.270903587341308594e+00
7.101962566375732422e+00
6.923763751983642578e+00
6.736446380615234375e+00
6.540152549743652344e+00
6.335022926330566406e+00
6.121198177337646484e+00
5.898820400238037109e+00
5.668029785156250000e+00
5.428967475891113281e+00
5.181775093078613281e+00
4.926592826843261719e+00
4.663562774658203125e+00
4.392825126647949219e+00
4.114521503448486328e+00
3.828792095184326172e+00
3.535778999328613281e+00
3.235622644424438477e+00
2.928463935852050781e+00
2.614444494247436523e+00
2.293705224990844727e+00
1.966386795043945312e+00
1.632630586624145508e+00
1.292577624320983887e+00
9.463688135147094727e-01
5.941454768180847168e-01
2.360483556985855103e-01
-1.277813464403152466e-01
-4.971921145915985107e-01
-8.719907402992248535e-01
-1.251973390579223633e+00
-1.636936426162719727e+00
-2.026675939559936523e+00
-2.420988559722900391e+00
-2.819670200347900391e+00
-3.222517251968383789e+00
-3.629325866699218750e+00
-4.039892673492431641e+00
-4.454013347625732422e+00
-4.871484756469726562e+00
-5.292102813720703125e+00
-5.715663909912109375e+00
-6.141964435577392578e+00
-6.570799827575683594e+00
-7.001967906951904297e+00
-7.435263633728027344e+00
-7.870482921600341797e+00
-8.307424545288085938e+00
-8.745882034301757812e+00
-9.185651779174804688e+00
-9.626531600952148438e+00
-1.006831741333007812e+01
-1.051080513000488281e+01
-1.095379066467285156e+01
-1.139707088470458984e+01
-1.184044170379638672e+01
-1.228369998931884766e+01
-1.272664070129394531e+01
-1.316906070709228516e+01
-1.361075687408447266e+01
-1.405152606964111328e+01
-1.449116230010986328e+01
-1.492946434020996094e+01
-1.536622619628906250e+01
-1.580124568939208984e+01
-1.623431777954101562e+01
-1.666523933410644531e+01
-1.709380912780761719e+01
-1.751981735229492188e+01
-1.794306564331054688e+01
-1.836334991455078125e+01
-1.878046417236328125e+01
-1.919420433044433594e+01
-1.960437202453613281e+01
-2.001075553894042969e+01
-2.041315650939941406e+01
-2.081136894226074219e+01
-2.120519065856933594e+01
-2.159443855285644531e+01
-2.197901153564453125e+01
-2.235883331298828125e+01
-2.273382377624511719e+01
-2.310390663146972656e+01
-2.346900177001953125e+01
-2.382902908325195312e+01
-2.418391227722167969e+01
-2.453357505798339844e+01
-2.487793540954589844e+01
-2.521691513061523438e+01
-2.555043983459472656e+01
-2.587842369079589844e+01
-2.620079421997070312e+01
-2.651747322082519531e+01
-2.682837867736816406e+01
-2.713343429565429688e+01
-2.743255996704101562e+01
-2.772567749023437500e+01
-2.801271247863769531e+01
-2.829357910156250000e+01
-2.856820678710937500e+01
-2.883651161193847656e+01
-2.909841918945312500e+01
-2.935384750366210938e+01
-2.960271835327148438e+01
-2.984495544433593750e+01
-3.008047866821289062e+01
-3.030920791625976562e+01
-3.053107070922851562e+01
-3.074598312377929688e+01
-3.095386886596679688e+01
-3.115464782714843750e+01
-3.134824371337890625e+01
-3.153457832336425781e+01
-3.171356773376464844e+01
-3.188514328002929688e+01
-3.204921722412109375e+01
-3.220571899414062500e+01
-3.235456085205078125e+01
-3.249567413330078125e+01
-3.262897109985351562e+01
-3.275437927246093750e+01
-3.287182235717773438e+01
-3.298121643066406250e+01
-3.308248519897460938e+01
-3.317554855346679688e+01
-3.326033020019531250e+01
-3.333675384521484375e+01
-3.340473556518554688e+01
-3.346422576904296875e+01
-3.351528930664062500e+01
-3.355800628662109375e+01
-3.359246826171875000e+01
-3.361875915527343750e+01
-3.363696670532226562e+01
-3.364718246459960938e+01
-3.364948654174804688e+01
-3.364396667480468750e+01
-3.363071441650390625e+01
-3.360981369018554688e+01
-3.358135223388671875e+01
-3.354541778564453125e+01
-3.350209426879882812e+01
-3.345147323608398438e+01
-3.339363479614257812e+01
-3.332867431640625000e+01
-3.325667572021484375e+01
-3.317772293090820312e+01
-3.309190750122070312e+01
-3.299930953979492188e+01
-3.290002059936523438e+01
-3.279413223266601562e+01
-3.268172454833984375e+01
-3.256288528442382812e+01
-3.243770599365234375e+01
-3.230626678466796875e+01
-3.216866302490234375e+01
-3.202497100830078125e+01
-3.187528800964355469e+01
-3.171969413757324219e+01
-3.155828094482421875e+01
-3.139113426208496094e+01
-3.121833801269531250e+01
-3.103998374938964844e+01
-3.085615348815917969e+01
-3.066693687438964844e+01
-3.047242355346679688e+01
-3.027269363403320312e+01
-3.006784248352050781e+01
-2.985794830322265625e+01
-2.964310646057128906e+01
-2.942339897155761719e+01
-2.919891357421875000e+01
-2.896973991394042969e+01
-2.873596000671386719e+01
-2.849766159057617188e+01
-2.825494003295898438e+01
-2.800786972045898438e+01
-2.775654411315917969e+01
-2.750106239318847656e+01
-2.724155044555664062e+01
-2.697814750671386719e+01
-2.671100044250488281e+01
-2.644024467468261719e+01
-2.616602134704589844e+01
-2.588846969604492188e+01
-2.560773468017578125e+01
-2.532394981384277344e+01
-2.503726005554199219e+01
-2.474780464172363281e+01
-2.445572280883789062e+01
-2.416115570068359375e+01
-2.386424446105957031e+01
-2.356512641906738281e+01
-2.326394653320312500e+01
-2.296084022521972656e+01
-2.265594863891601562e+01
-2.234941482543945312e+01
-2.204137802124023438e+01
-2.173197746276855469e+01
-2.142135429382324219e+01
-2.110964775085449219e+01
-2.079699897766113281e+01
-2.048354911804199219e+01
-2.016943550109863281e+01
-1.985480117797851562e+01
-1.953978538513183594e+01
-1.922452926635742188e+01
-1.890917205810546875e+01
-1.859385299682617188e+01
-1.827871513366699219e+01
-1.796389770507812500e+01
-1.764953804016113281e+01
-1.733578109741210938e+01
-1.702276420593261719e+01
-1.671062850952148438e+01
-1.639951515197753906e+01
-1.608956336975097656e+01
-1.578091335296630859e+01
-1.547370529174804688e+01
-1.516807937622070312e+01
-1.486417675018310547e+01
-1.456213665008544922e+01
-1.426210021972656250e+01
-1.396420669555664062e+01
-1.366859817504882812e+01
-1.337541294097900391e+01
-1.308479309082031250e+01
-1.279687690734863281e+01
-1.251179218292236328e+01
-1.222961139678955078e+01
-1.195039367675781250e+01
-1.167419624328613281e+01
-1.140108013153076172e+01
-1.113110160827636719e+01
-1.086432170867919922e+01
-1.060079765319824219e+01
-1.034059047698974609e+01
-1.008375644683837891e+01
-9.830355644226074219e+00
-9.580446243286132812e+00
-9.334087371826171875e+00
-9.091338157653808594e+00
-8.852256774902343750e+00
-8.616901397705078125e+00
-8.385334014892578125e+00
-8.157608985900878906e+00
-7.933788776397705078e+00
-7.713929176330566406e+00
-7.498091220855712891e+00
-7.286333084106445312e+00
-7.078713893890380859e+00
-6.875291347503662109e+00
-6.676126003265380859e+00
-6.481274604797363281e+00
-6.290797233581542969e+00
-6.104752063751220703e+00
-5.923198223114013672e+00
-5.746194839477539062e+00
-5.573800563812255859e+00
-5.406073570251464844e+00
-5.243072986602783203e+00
-5.084857940673828125e+00
-4.931487083435058594e+00
-4.783019065856933594e+00
-4.639512538909912109e+00
-4.501026630401611328e+00
-4.367619991302490234e+00
-4.239351749420166016e+00
-4.116279602050781250e+00
-3.998464107513427734e+00
-3.885962486267089844e+00
-3.778834581375122070e+00
-3.677138090133666992e+00
-3.580933332443237305e+00
-3.490277767181396484e+00
-3.405230760574340820e+00
-3.325850963592529297e+00
-3.252197504043579102e+00
-3.184309482574462891e+00
-3.122150182723999023e+00
-3.065663337707519531e+00
-3.014792203903198242e+00
-2.969480752944946289e+00
-2.929673194885253906e+00
-2.895312070846557617e+00
-2.866342306137084961e+00
-2.842706918716430664e+00
-2.824349880218505859e+00
-2.811214923858642578e+00
-2.803245544433593750e+00
-2.800385475158691406e+00
-2.802578687667846680e+00
-2.809768438339233398e+00
-2.821898937225341797e+00
-2.838913679122924805e+00
-2.860756158828735352e+00
-2.887370347976684570e+00
-2.918700218200683594e+00
-2.954688787460327148e+00
-2.995280027389526367e+00
-3.040418148040771484e+00
-3.090046405792236328e+00
-3.144108533859252930e+00
-3.202548027038574219e+00
-3.265309095382690430e+00
-3.332335233688354492e+00
-3.403569936752319336e+00
-3.478957176208496094e+00
-3.558440446853637695e+00
-3.641963720321655273e+00
-3.729470729827880859e+00
-3.820904731750488281e+00
-3.916210174560546875e+00
-4.015329837799072266e+00
-4.118207931518554688e+00
-4.224788665771484375e+00
-4.335014820098876953e+00
-4.448830604553222656e+00
-4.566179275512695312e+00
-4.687005519866943359e+00
-4.811252593994140625e+00
-4.938863754272460938e+00
-5.069782733917236328e+00
-5.203953742980957031e+00
-5.341320514678955078e+00
-5.481825828552246094e+00
-5.625414371490478516e+00
-5.772029876708984375e+00
-5.921608924865722656e+00
-6.074060440063476562e+00
-6.229289054870605469e+00
-6.387195587158203125e+00
-6.547684192657470703e+00
-6.710657119750976562e+00
-6.876016616821289062e+00
-7.043666839599609375e+00
-7.213510036468505859e+00
-7.385448455810546875e+00
-7.559385776519775391e+00
-7.735224246978759766e+00
-7.912866592407226562e+00
-8.092216491699218750e+00
-8.273175239562988281e+00
-8.455646514892578125e+00
-8.639533996582031250e+00
-8.824739456176757812e+00
-9.011165618896484375e+00
-9.198716163635253906e+00
-9.387292861938476562e+00
-9.576798439025878906e+00
-9.767136573791503906e+00
-9.958210945129394531e+00
-1.014992141723632812e+01
-1.034217357635498047e+01
-1.053486919403076172e+01
-1.072791099548339844e+01
-1.092120265960693359e+01
-1.111464500427246094e+01
-1.130814266204833984e+01
-1.150159835815429688e+01
-1.169491386413574219e+01
-1.188799285888671875e+01
-1.208073711395263672e+01
-1.227305030822753906e+01
-1.246483516693115234e+01
-1.265599536895751953e+01
-1.284643268585205078e+01
-1.303604984283447266e+01
-1.322474956512451172e+01
-1.341243553161621094e+01
-1.359900856018066406e+01
-1.378437519073486328e+01
-1.396843433380126953e+01
-1.415109062194824219e+01
-1.433224678039550781e+01
-1.451180553436279297e+01
-1.468967056274414062e+01
-1.486574268341064453e+01
-1.503993415832519531e+01
-1.521219348907470703e+01
-1.538247299194335938e+01
-1.555072879791259766e+01
-1.571691513061523438e+01
-1.588098812103271484e+01
-1.604290199279785156e+01
-1.620261383056640625e+01
-1.636007499694824219e+01
-1.651524353027343750e+01
-1.666807365417480469e+01
-1.681851768493652344e+01
-1.696653556823730469e+01
-1.711208152770996094e+01
-1.725510787963867188e+01
-1.739556884765625000e+01
-1.753342437744140625e+01
-1.766862487792968750e+01
-1.780112648010253906e+01
-1.793088722229003906e+01
-1.805785751342773438e+01
-1.818199729919433594e+01
-1.830325698852539062e+01
-1.842159461975097656e+01
-1.853696250915527344e+01
-1.864932060241699219e+01
-1.875861930847167969e+01
-1.886481285095214844e+01
-1.896786117553710938e+01
-1.906771659851074219e+01
-1.916433334350585938e+01
-1.925766754150390625e+01
-1.934767532348632812e+01
-1.943430900573730469e+01
-1.951752471923828125e+01
-1.959728050231933594e+01
-1.967352676391601562e+01
-1.974622154235839844e+01
-1.981531715393066406e+01
-1.988077354431152344e+01
-1.994253921508789062e+01
-2.000057411193847656e+01
-2.005483245849609375e+01
-2.010526847839355469e+01
-2.015183639526367188e+01
-2.019449234008789062e+01
-2.023319244384765625e+01
-2.026788902282714844e+01
-2.029854011535644531e+01
-2.032509803771972656e+01
-2.034753227233886719e+01
-2.036586570739746094e+01
-2.038013267517089844e+01
-2.039036750793457031e+01
-2.039660835266113281e+01
-2.039888763427734375e+01
-2.039724159240722656e+01
-2.039170646667480469e+01
-2.038231468200683594e+01
-2.036910438537597656e+01
-2.035211181640625000e+01
-2.033136749267578125e+01
-2.030691146850585938e+01
-2.027877426147460938e+01
-2.024699783325195312e+01
-2.021161079406738281e+01
-2.017265129089355469e+01
-2.013015556335449219e+01
-2.008415794372558594e+01
-2.003469276428222656e+01
-1.998179626464843750e+01
-1.992550277709960938e+01
-1.986584854125976562e+01
-1.980286979675292969e+01
-1.973659896850585938e+01
-1.966707611083984375e+01
-1.959433174133300781e+01
-1.951840209960937500e+01
-1.943932342529296875e+01
-1.935713005065917969e+01
-1.927185821533203125e+01
-1.918354225158691406e+01
-1.909222030639648438e+01
-1.899792289733886719e+01
-1.890068817138671875e+01
-1.880055236816406250e+01
-1.869754981994628906e+01
-1.859171295166015625e+01
-1.848308181762695312e+01
-1.837168693542480469e+01
-1.825756835937500000e+01
-1.814075660705566406e+01
-1.802129173278808594e+01
-1.789920425415039062e+01
-1.777453422546386719e+01
-1.764731216430664062e+01
-1.751757621765136719e+01
-1.738536262512207031e+01
-1.725070190429687500e+01
-1.711363410949707031e+01
-1.697419929504394531e+01
-1.683246040344238281e+01
-1.668848228454589844e+01
-1.654233741760253906e+01
-1.639409255981445312e+01
-1.624381828308105469e+01
-1.609157752990722656e+01
-1.593744564056396484e+01
-1.578148651123046875e+01
-1.562376976013183594e+01
-1.546436595916748047e+01
-1.530333900451660156e+01
-1.514076232910156250e+01
-1.497669982910156250e+01
-1.481122398376464844e+01
-1.464439964294433594e+01
-1.447629737854003906e+01
-1.430698680877685547e+01
-1.413653373718261719e+01
-1.396500682830810547e+01
-1.379247665405273438e+01
-1.361900901794433594e+01
-1.344467449188232422e+01
-1.326954078674316406e+01
-1.309367656707763672e+01
-1.291714954376220703e+01
-1.274002838134765625e+01
-1.256238174438476562e+01
-1.238427829742431641e+01
-1.220578575134277344e+01
-1.202697372436523438e+01
-1.184790897369384766e+01
-1.166866207122802734e+01
-1.148930072784423828e+01
-1.130989074707031250e+01
-1.113050460815429688e+01
-1.095120906829833984e+01
-1.077207183837890625e+01
-1.059316158294677734e+01
-1.041454792022705078e+01
-1.023629760742187500e+01
-1.005848121643066406e+01
-9.881165504455566406e+00
-9.704419136047363281e+00
-9.528310775756835938e+00
-9.352909088134765625e+00
-9.178281784057617188e+00
-9.004498481750488281e+00
-8.831626892089843750e+00
-8.659734725952148438e+00
-8.488886833190917969e+00
-8.319123268127441406e+00
-8.150481224060058594e+00
-7.982996463775634766e+00
-7.816704750061035156e+00
-7.651642799377441406e+00
-7.487847805023193359e+00
-7.325354099273681641e+00
-7.164199352264404297e+00
-7.004418849945068359e+00
-6.846050262451171875e+00
-6.689127922058105469e+00
-6.533689498901367188e+00
-6.379770278930664062e+00
-6.227407455444335938e+00
-6.076635837554931641e+00
-5.927493572235107422e+00
-5.780014991760253906e+00
-5.634237766265869141e+00
-5.490197181701660156e+00
-5.347929954528808594e+00
-5.207471847534179688e+00
-5.068859577178955078e+00
-4.932129383087158203e+00
-4.797317028045654297e+00
-4.664459228515625000e+00
-4.533592224121093750e+00
-4.404751777648925781e+00
-4.277974128723144531e+00
-4.153295993804931641e+00
-4.030753612518310547e+00
-3.910382270812988281e+00
-3.792219400405883789e+00
-3.676300287246704102e+00
-3.562661647796630859e+00
-3.451339960098266602e+00
-3.342370986938476562e+00
-3.235791206359863281e+00
-3.131636381149291992e+00
-3.029943466186523438e+00
-2.930747985839843750e+00
-2.834086894989013672e+00
-2.739995718002319336e+00
-2.648510932922363281e+00
-2.559669017791748047e+00
-2.473505973815917969e+00
-2.390057802200317383e+00
-2.309361219406127930e+00
-2.231452226638793945e+00
-2.156367063522338867e+00
-2.084132671356201172e+00
-2.014739513397216797e+00
-1.948168992996215820e+00
-1.884401917457580566e+00
-1.823419690132141113e+00
-1.765203595161437988e+00
-1.709734797477722168e+00
-1.656994462013244629e+00
-1.606963872909545898e+00
-1.559624195098876953e+00
-1.514956474304199219e+00
-1.472942113876342773e+00
-1.433562278747558594e+00
-1.396798133850097656e+00
-1.362630963325500488e+00
-1.331041812896728516e+00
-1.302012085914611816e+00
-1.275522947311401367e+00
-1.251555562019348145e+00
-1.230090975761413574e+00
-1.211110591888427734e+00
-1.194595694541931152e+00
-1.180527210235595703e+00
-1.168886661529541016e+00
-1.159655094146728516e+00
-1.152813673019409180e+00
-1.148343563079833984e+00
-1.146226048469543457e+00
-1.146442532539367676e+00
-1.148973822593688965e+00
-1.153801560401916504e+00
-1.160906553268432617e+00
-1.170270204544067383e+00
-1.181873679161071777e+00
-1.195698261260986328e+00
-1.211725115776062012e+00
-1.229935288429260254e+00
-1.250310301780700684e+00
-1.272831082344055176e+00
-1.297478914260864258e+00
-1.324235081672668457e+00
-1.353080630302429199e+00
-1.383997082710266113e+00
-1.416965246200561523e+00
-1.451966643333435059e+00
-1.488982319831848145e+00
-1.527993559837341309e+00
-1.568981409072875977e+00
-1.611927270889282227e+00
-1.656812191009521484e+00
-1.703613281250000000e+00
-1.752289533615112305e+00
-1.802796244621276855e+00
-1.855088233947753906e+00
-1.909120798110961914e+00
-1.964848637580871582e+00
-2.022226810455322266e+00
-2.081210613250732422e+00
-2.141754627227783203e+00
-2.203814268112182617e+00
-2.267344474792480469e+00
-2.332299947738647461e+00
-2.398636102676391602e+00
-2.466307640075683594e+00
-2.535269737243652344e+00
-2.605477333068847656e+00
-2.676885604858398438e+00
-2.749449253082275391e+00
-2.823123455047607422e+00
-2.897863388061523438e+00
-2.973623514175415039e+00
-3.050359725952148438e+00
-3.128026485443115234e+00
-3.206578731536865234e+00
-3.285971641540527344e+00
-3.366160154342651367e+00
-3.447099208831787109e+00
-3.528744220733642578e+00
-3.611049652099609375e+00
-3.693971395492553711e+00
-3.777463197708129883e+00
-3.861480951309204102e+00
-3.945979118347167969e+00
-4.030913352966308594e+00
-4.116238594055175781e+00
-4.201909065246582031e+00
-4.287880420684814453e+00
-4.374108314514160156e+00
-4.460546016693115234e+00
-4.547150135040283203e+00
-4.633874893188476562e+00
-4.720675945281982422e+00
-4.807507038116455078e+00
-4.894324779510498047e+00
-4.981082916259765625e+00
-5.067736625671386719e+00
-5.154242038726806641e+00
-5.240552902221679688e+00
-5.326624870300292969e+00
-5.412413120269775391e+00
-5.497874259948730469e+00
-5.582979679107666016e+00
-5.667700767517089844e+00
-5.752010345458984375e+00
-5.835881233215332031e+00
-5.919285297393798828e+00
-6.002195358276367188e+00
-6.084584712982177734e+00
-6.166423797607421875e+00
-6.247687339782714844e+00
-6.328347206115722656e+00
-6.408374786376953125e+00
-6.487743854522705078e+00
-6.566426753997802734e+00
-6.644395351409912109e+00
-6.721622943878173828e+00
-6.798081398010253906e+00
-6.873744010925292969e+00
-6.948582172393798828e+00
-7.022569179534912109e+00
-7.095677852630615234e+00
-7.167879581451416016e+00
-7.239147663116455078e+00
-7.309454917907714844e+00
-7.378772258758544922e+00
-7.447073936462402344e+00
-7.514332294464111328e+00
-7.580519199371337891e+00
-7.645607471466064453e+00
-7.709568977355957031e+00
-7.772377490997314453e+00
-7.834003925323486328e+00
-7.894423007965087891e+00
-7.953605175018310547e+00
-8.011523246765136719e+00
-8.068150520324707031e+00
-8.123459815979003906e+00
-8.177421569824218750e+00
-8.230010986328125000e+00
-8.281198501586914062e+00
-8.330958366394042969e+00
-8.379261016845703125e+00
-8.426080703735351562e+00
-8.471388816833496094e+00
-8.515159606933593750e+00
-8.557363510131835938e+00
-8.597973823547363281e+00
-8.636962890625000000e+00
-8.674304008483886719e+00
-8.709969520568847656e+00
-8.743936538696289062e+00
-8.776208877563476562e+00
-8.806795120239257812e+00
-8.835702896118164062e+00
-8.862941741943359375e+00
-8.888519287109375000e+00
-8.912445068359375000e+00
-8.934725761413574219e+00
-8.955372810363769531e+00
-8.974391937255859375e+00
-8.991792678833007812e+00
-9.007583618164062500e+00
-9.021773338317871094e+00
-9.034371376037597656e+00
-9.045383453369140625e+00
-9.054821014404296875e+00
-9.062689781188964844e+00
-9.069001197814941406e+00
-9.073761940002441406e+00
-9.076981544494628906e+00
-9.078666687011718750e+00
-9.078827857971191406e+00
-9.077473640441894531e+00
-9.074610710144042969e+00
-9.070248603820800781e+00
-9.064396858215332031e+00
-9.057062149047851562e+00
-9.048254013061523438e+00
-9.037981033325195312e+00
-9.026250839233398438e+00
-9.013072967529296875e+00
-8.998456001281738281e+00
-8.982407569885253906e+00
-8.964937210083007812e+00
-8.946051597595214844e+00
-8.925761222839355469e+00
-8.904073715209960938e+00
-8.880998611450195312e+00
-8.856542587280273438e+00
-8.830716133117675781e+00
-8.803525924682617188e+00
-8.774981498718261719e+00
-8.745091438293457031e+00
-8.713864326477050781e+00
-8.681306838989257812e+00
-8.647429466247558594e+00
-8.612241744995117188e+00
-8.575750350952148438e+00
-8.537962913513183594e+00
-8.498889923095703125e+00
-8.458541870117187500e+00
-8.416945457458496094e+00
-8.374126434326171875e+00
-8.330114364624023438e+00
-8.284938812255859375e+00
-8.238624572753906250e+00
-8.191203117370605469e+00
-8.142700195312500000e+00
-8.093146324157714844e+00
-8.042567253112792969e+00
-7.990992546081542969e+00
-7.938450336456298828e+00
-7.884969234466552734e+00
-7.830575942993164062e+00
-7.775300502777099609e+00
-7.719169616699218750e+00
-7.662212848663330078e+00
-7.604456424713134766e+00
-7.545930385589599609e+00
-7.486661911010742188e+00
-7.426680564880371094e+00
-7.366012573242187500e+00
-7.304687500000000000e+00
-7.242733001708984375e+00
-7.180177688598632812e+00
-7.117049217224121094e+00
-7.053376197814941406e+00
-6.989185810089111328e+00
-6.924508094787597656e+00
-6.859369754791259766e+00
-6.793799877166748047e+00
-6.727826118469238281e+00
-6.661476612091064453e+00
-6.594780445098876953e+00
-6.527763843536376953e+00
-6.460457324981689453e+00
-6.392887592315673828e+00
-6.325083732604980469e+00
-6.257073402404785156e+00
-6.188884258270263672e+00
-6.120545864105224609e+00
-6.052085399627685547e+00
-5.983530998229980469e+00
-5.914911746978759766e+00
-5.846254825592041016e+00
-5.777589321136474609e+00
-5.708942890167236328e+00
-5.640343189239501953e+00
-5.571820259094238281e+00
-5.503400325775146484e+00
-5.435111045837402344e+00
-5.366972446441650391e+00
-5.299004077911376953e+00
-5.231224536895751953e+00
-5.163652896881103516e+00
-5.096309185028076172e+00
-5.029210567474365234e+00
-4.962377548217773438e+00
-4.895828723907470703e+00
-4.829583168029785156e+00
-4.763659477233886719e+00
-4.698076725006103516e+00
-4.632854461669921875e+00
-4.568011283874511719e+00
-4.503566265106201172e+00
-4.439538955688476562e+00
-4.375947475433349609e+00
-4.312811851501464844e+00
-4.250150203704833984e+00
-4.187982082366943359e+00
-4.126326084136962891e+00
-4.065201759338378906e+00
-4.004627704620361328e+00
-3.944622755050659180e+00
-3.885206699371337891e+00
-3.826397895812988281e+00
-3.768216133117675781e+00
-3.710679054260253906e+00
-3.653807163238525391e+00
-3.597618579864501953e+00
-3.542132616043090820e+00
-3.487368345260620117e+00
-3.433344602584838867e+00
-3.380080223083496094e+00
-3.327594995498657227e+00
-3.275907278060913086e+00
-3.225036144256591797e+00
-3.175000905990600586e+00
-3.125820159912109375e+00
-3.077513694763183594e+00
-3.030099391937255859e+00
-2.983597278594970703e+00
-2.938025951385498047e+00
-2.893404483795166016e+00
-2.849751949310302734e+00
-2.807086944580078125e+00
-2.765429258346557617e+00
-2.724797248840332031e+00
-2.685210704803466797e+00
-2.646687507629394531e+00
-2.609243631362915039e+00
-2.572878360748291016e+00
-2.537587642669677734e+00
-2.503366947174072266e+00
-2.470211505889892578e+00
-2.438117504119873047e+00
-2.407080411911010742e+00
-2.377095937728881836e+00
-2.348159790039062500e+00
-2.320267438888549805e+00
-2.293415069580078125e+00
-2.267597198486328125e+00
-2.242810726165771484e+00
-2.219050645828247070e+00
-2.196312904357910156e+00
-2.174592971801757812e+00
-2.153886318206787109e+00
-2.134188890457153320e+00
-2.115496635437011719e+00
-2.097804546356201172e+00
-2.081108570098876953e+00
-2.065404415130615234e+00
-2.050687789916992188e+00
-2.036954164505004883e+00
-2.024199485778808594e+00
-2.012419223785400391e+00
-2.001609086990356445e+00
-1.991764426231384277e+00
-1.982881307601928711e+00
-1.974955320358276367e+00
-1.967981934547424316e+00
-1.961956858634948730e+00
-1.956875801086425781e+00
-1.952734589576721191e+00
-1.949528574943542480e+00
-1.947253465652465820e+00
-1.945905208587646484e+00
-1.945479154586791992e+00
-1.945971131324768066e+00
-1.947376608848571777e+00
-1.949691534042358398e+00
-1.952911257743835449e+00
-1.957031726837158203e+00
-1.962048292160034180e+00
-1.967956662178039551e+00
-1.974752783775329590e+00
-1.982432007789611816e+00
-1.990990161895751953e+00
-2.000422954559326172e+00
-2.010725736618041992e+00
-2.021892547607421875e+00
-2.033908128738403320e+00
-2.046756029129028320e+00
-2.060419082641601562e+00
-2.074880838394165039e+00
-2.090124130249023438e+00
-2.106132507324218750e+00
-2.122888803482055664e+00
-2.140376091003417969e+00
-2.158578157424926758e+00
-2.177477359771728516e+00
-2.197057485580444336e+00
-2.217301368713378906e+00
-2.238192319869995117e+00
-2.259713411331176758e+00
-2.281847715377807617e+00
-2.304578781127929688e+00
-2.327889680862426758e+00
-2.351763248443603516e+00
-2.376182794570922852e+00
-2.401131629943847656e+00
-2.426592826843261719e+00
-2.452549695968627930e+00
-2.478985071182250977e+00
-2.505882501602172852e+00
-2.533224821090698242e+00
-2.560995578765869141e+00
-2.589177370071411133e+00
-2.617753982543945312e+00
-2.646708250045776367e+00
-2.676023483276367188e+00
-2.705682516098022461e+00
-2.735668897628784180e+00
-2.765965700149536133e+00
-2.796555995941162109e+00
-2.827423334121704102e+00
-2.858550071716308594e+00
-2.889920234680175781e+00
-2.921516418457031250e+00
-2.953321933746337891e+00
-2.985320329666137695e+00
-3.017494201660156250e+00
-3.049826860427856445e+00
-3.082302093505859375e+00
-3.114902019500732422e+00
-3.147610664367675781e+00
-3.180410861968994141e+00
-3.213285684585571289e+00
-3.246218442916870117e+00
-3.279192447662353516e+00
-3.312190294265747070e+00
-3.345195055007934570e+00
-3.378188610076904297e+00
-3.411154270172119141e+00
-3.444073438644409180e+00
-3.476929187774658203e+00
-3.509704351425170898e+00
-3.542380332946777344e+00
-3.574940443038940430e+00
-3.607366085052490234e+00
-3.639641284942626953e+00
-3.671747446060180664e+00
-3.703666925430297852e+00
-3.735382556915283203e+00
-3.766876697540283203e+00
-3.798131465911865234e+00
-3.829129695892333984e+00
-3.859853982925415039e+00
-3.890286445617675781e+00
-3.920409202575683594e+00
-3.950205326080322266e+00
-3.979657411575317383e+00
-4.008747100830078125e+00
-4.037457466125488281e+00
-4.065770626068115234e+00
-4.093668937683105469e+00
-4.121135711669921875e+00
-4.148151874542236328e+00
-4.174701213836669922e+00
-4.200765609741210938e+00
-4.226327896118164062e+00
-4.251369476318359375e+00
-4.275874137878417969e+00
-4.299823760986328125e+00
-4.323200225830078125e+00
-4.345986843109130859e+00
-4.368165493011474609e+00
-4.389719009399414062e+00
-4.410629749298095703e+00
-4.430879592895507812e+00
-4.450452327728271484e+00
-4.469328880310058594e+00
-4.487492084503173828e+00
-4.504925251007080078e+00
-4.521609783172607422e+00
-4.537528991699218750e+00
-4.552664756774902344e+00
-4.566999435424804688e+00
-4.580515861511230469e+00
-4.593196392059326172e+00
-4.605029106140136719e+00
-4.616025447845458984e+00
-4.626202106475830078e+00
-4.635576248168945312e+00
-4.644165992736816406e+00
-4.651987075805664062e+00
-4.659056663513183594e+00
-4.665392875671386719e+00
-4.671011924743652344e+00
-4.675930500030517578e+00
-4.680166721343994141e+00
-4.683737754821777344e+00
-4.686659336090087891e+00
-4.688949584960937500e+00
-4.690625190734863281e+00
-4.691703319549560547e+00
-4.692201137542724609e+00
-4.692135810852050781e+00
-4.691523551940917969e+00
-4.690382480621337891e+00
-4.688729763031005859e+00
-4.686581134796142578e+00
-4.683955192565917969e+00
-4.680868148803710938e+00
-4.677337169647216797e+00
-4.673379421234130859e+00
-4.669012069702148438e+00
-4.664252281188964844e+00
-4.659116744995117188e+00
-4.653622627258300781e+00
-4.647787570953369141e+00
-4.641627311706542969e+00
-4.635160446166992188e+00
-4.628403186798095703e+00
-4.621372699737548828e+00
-4.614086627960205078e+00
-4.606561183929443359e+00
-4.598813533782958984e+00
-4.590861320495605469e+00
-4.582721233367919922e+00
-4.574410915374755859e+00
-4.565946102142333984e+00
-4.557345390319824219e+00
-4.548625469207763672e+00
-4.539802074432373047e+00
-4.530894279479980469e+00
-4.521917819976806641e+00
-4.512890338897705078e+00
-4.503828048706054688e+00
-4.494749546051025391e+00
