# a
1.991238550378335564e-03
1.986491855383392974e-03
1.981767736821244807e-03
1.977066034005535780e-03
1.972386587771203254e-03
1.967729240456513300e-03
1.963093835885355246e-03
1.958480219349784720e-03
1.953888237592809555e-03
1.949317738791422894e-03
1.944768572539867660e-03
1.940240589833139339e-03
1.935733643050716220e-03
1.931247585940517762e-03
1.926782273603082829e-03
1.922337562475970622e-03
1.917913310318373685e-03
1.913509376195943190e-03
1.909125620465826735e-03
1.904761904761904760e-03
1.900418091980235567e-03
1.896094046264694844e-03
1.891789632992811219e-03
1.887504718761796960e-03
1.883239171374764516e-03
1.878992859827132572e-03
1.874765654293213384e-03
1.870557426112981611e-03
1.866368047779022252e-03
1.862197392923649894e-03
1.858045336306205766e-03
1.853911753800519154e-03
1.849796522382537740e-03
1.845699520118124909e-03
1.841620626151012959e-03
1.837559720690922199e-03
1.833516685001833563e-03
1.829491401390413458e-03
1.825483753194596676e-03
1.821493624772313295e-03
1.817520901490366934e-03
1.813565469713456771e-03
1.809627216793340508e-03
1.805706031058143925e-03
1.801801801801801830e-03
1.797914419273642346e-03
1.794043774668101958e-03
1.790189760114572169e-03
1.786352268667381260e-03
1.782531194295900075e-03
1.778726431874777482e-03
1.774937877174298994e-03
1.771165426850867695e-03
1.767408978437610707e-03
1.763668430335096904e-03
1.759943681802182127e-03
1.756234632946961733e-03
1.752541184717840888e-03
1.748863238894718484e-03
1.745200698080279266e-03
1.741553465691396537e-03
1.737921445950643077e-03
1.734304543877904833e-03
1.730702665282104775e-03
1.727115716753022372e-03
1.723543605653222793e-03
1.719986240110079126e-03
1.716443529007895654e-03
1.712915381980130219e-03
1.709401709401709400e-03
1.705902422381439746e-03
1.702417432754511385e-03
1.698946653075093360e-03
1.695489996609020030e-03
1.692047377326565084e-03
1.688618709895305537e-03
1.685203909673070512e-03
1.681802892700975461e-03
1.678415575696542679e-03
1.675041876046901197e-03
1.671681711802072744e-03
1.668335001668335132e-03
1.665001665001665000e-03
1.661681621801262962e-03
1.658374792703150953e-03
1.655081098973849602e-03
1.651800462504129539e-03
1.648532805802835344e-03
1.645278051990786477e-03
1.642036124794745431e-03
1.638806948541461769e-03
1.635590448151782962e-03
1.632386549134835036e-03
1.629195177582274572e-03
1.626016260162601625e-03
1.622849724115546814e-03
1.619695497246517821e-03
1.616553507921112028e-03
1.613423685059696801e-03
1.610305958132045084e-03
1.607200257152041015e-03
1.604106512672441500e-03
1.601024655779698927e-03
1.597954618088846335e-03
1.594896331738437012e-03
1.591849729385545883e-03
1.588814744200826206e-03
1.585791309863621981e-03
1.582779360557138486e-03
1.579778830963665063e-03
1.576789656259854717e-03
1.573811772112055545e-03
1.570845114671693332e-03
1.567889620570711833e-03
1.564945226917057938e-03
1.562011871290221697e-03
1.559089491736825785e-03
1.556178026766262025e-03
1.553277415346381030e-03
1.550387596899224785e-03
1.547508511296811920e-03
1.544640098856966352e-03
1.541782300339192106e-03
1.538935056940597158e-03
1.536098310291858678e-03
1.533272002453235118e-03
1.530456075910621456e-03
1.527650473571646713e-03
1.524855138761817665e-03
1.522070015220700068e-03
1.519295047098146280e-03
1.516530178950561275e-03
1.513775355737208544e-03
1.511030522816561106e-03
1.508295625942684829e-03
1.505570611261668147e-03
1.502855425308085397e-03
1.500150015001500050e-03
1.497454327643006969e-03
1.494768310911808720e-03
1.492091912861832209e-03
1.489425081918379582e-03
1.486767766874814035e-03
1.484119916889284655e-03
1.481481481481481408e-03
1.478852410529429146e-03
1.476232654266312417e-03
1.473622163277335615e-03
1.471020888496616741e-03
1.468428781204111520e-03
1.465845793022573949e-03
1.463271875914545035e-03
1.460706982179374707e-03
1.458151064450277125e-03
1.455604075691412005e-03
1.453065969195001294e-03
1.450536698578474030e-03
1.448016217781639180e-03
1.445504481063891429e-03
1.443001443001443000e-03
1.440507058484586473e-03
1.438021282714984283e-03
1.435544071202985968e-03
1.433075379764975777e-03
1.430615164520743915e-03
1.428163381890888142e-03
1.425719988594240095e-03
1.423284941645317414e-03
1.420858198351804486e-03
1.418439716312056833e-03
1.416029453412630864e-03
1.413627367825841166e-03
1.411233418007338397e-03
1.408847562693716672e-03
1.406469760900140673e-03
1.404099971918000523e-03
1.401738155312587690e-03
1.399384270920794740e-03
1.397038278848840472e-03
1.394700139470013900e-03
1.392369813422444924e-03
1.390047261606894725e-03
1.387732445184568274e-03
1.385425325574951572e-03
1.383125864453665357e-03
1.380834023750345061e-03
1.378549765646539839e-03
1.376273052573630468e-03
1.374003847210772183e-03
1.371742112482853123e-03
1.369487811558477066e-03
1.367240907847962856e-03
1.365001365001365088e-03
1.362769146906514083e-03
1.360544217687074736e-03
1.358326541700624656e-03
1.356116083536750743e-03
1.353912808015163977e-03
1.351716680183833504e-03
1.349527665317138943e-03
1.347345728914039163e-03
1.345170836696260369e-03
1.343002954606500226e-03
1.340842048806650637e-03
1.338688085676037432e-03
1.336541031809676539e-03
1.334400854016546626e-03
1.332267519317879107e-03
1.330140994945464396e-03
1.328021248339973344e-03
1.325908247149297113e-03
1.323801959226899617e-03
1.321702352630187757e-03
1.319609395618896817e-03
1.317523056653491492e-03
1.315443304393580561e-03
1.313370107696348920e-03
1.311303435615001527e-03
1.309243257397224493e-03
1.307189542483660040e-03
1.305142260506395122e-03
1.303101381287464144e-03
1.301066874837366856e-03
1.299038711353598394e-03
1.297016861219195795e-03
1.295001295001294928e-03
1.292991983449702596e-03
1.290988897495481654e-03
1.288992008249548920e-03
1.287001287001286959e-03
1.285016705217167802e-03
1.283038234539389229e-03
1.281065846784524946e-03
1.279099513942184721e-03
1.277139208173691011e-03
1.275184901810762520e-03
1.273236567354214463e-03
1.271294177472667274e-03
1.269357705001269423e-03
1.267427122940430846e-03
1.265502404454568307e-03
1.263583522870861823e-03
1.261670451678021916e-03
1.259763164525069465e-03
1.257861635220125724e-03
1.255965837729213636e-03
1.254075746175069110e-03
1.252191334835963147e-03
1.250312578144536103e-03
1.248439450686641711e-03
1.246571927200199352e-03
1.244709982574060186e-03
1.242853591846880676e-03
1.241002730206006502e-03
1.239157372986369283e-03
1.237317495669388711e-03
1.235483073881887914e-03
1.233654083395016197e-03
1.231830500123183049e-03
1.230012300123001267e-03
1.228199459592237662e-03
1.226391954868776132e-03
1.224589762429586148e-03
1.222792858889704256e-03
1.221001221001221000e-03
1.219214825652279767e-03
1.217433649866082358e-03
1.215657670799902799e-03
1.213886865744112642e-03
1.212121212121212120e-03
1.210360687484870416e-03
1.208605269518975029e-03
1.206854936036688523e-03
1.205109664979513292e-03
1.203369434416365867e-03
1.201634222542657948e-03
1.199904007679385674e-03
1.198178768272226266e-03
1.196458482890643774e-03
1.194743130227001121e-03
1.193032689095681245e-03
1.191327138432213446e-03
1.189626457292410370e-03
1.187930624851508661e-03
1.186239620403321555e-03
1.184553423359393414e-03
1.182872013248166630e-03
1.181195369714150905e-03
1.179523472517103166e-03
1.177856301531213104e-03
1.176193836744295453e-03
1.174536058256988539e-03
1.172882946281961084e-03
1.171234481143124855e-03
1.169590643274853823e-03
1.167951413221210042e-03
1.166316771635176252e-03
1.164686699277894333e-03
1.163061177017911136e-03
1.161440185830429732e-03
1.159823706796566951e-03
1.158211721102617641e-03
1.156604210039324570e-03
1.155001155001155041e-03
1.153402537485582503e-03
1.151808339092374881e-03
1.150218541522889408e-03
1.148633126579370715e-03
1.147052076164257811e-03
1.145475372279496041e-03
1.143902997025852096e-03
1.142334932602238982e-03
1.140771161305042299e-03
1.139211665527454977e-03
1.137656427758816776e-03
1.136105430583958130e-03
1.134558656682550489e-03
1.133016088828461441e-03
1.131477709889115247e-03
1.129943502824858797e-03
1.128413450688332126e-03
1.126887536623844997e-03
1.125365743866756736e-03
1.123848055742863658e-03
1.122334455667789097e-03
1.120824927146379718e-03
1.119319453772106608e-03
1.117818019226470049e-03
1.116320607278410357e-03
1.114827201783723503e-03
1.113337786684479979e-03
1.111852346008450169e-03
1.110370863868532110e-03
1.108893324462186837e-03
1.107419712070874815e-03
1.105950011059499962e-03
1.104484205875856054e-03
1.103022281050077252e-03
1.101564221194095564e-03
1.100110011001100051e-03
1.098659635245001010e-03
1.097213078779899148e-03
1.095770326539557363e-03
1.094331363536879022e-03
1.092896174863387977e-03
1.091464745688714225e-03
1.090037061260082808e-03
1.088613106901807279e-03
1.087192868014785979e-03
1.085776330076004392e-03
1.084363478638039439e-03
1.082954299328568347e-03
1.081548777849881179e-03
1.080146899978397072e-03
1.078748651564185451e-03
1.077354018530488977e-03
1.075962986873251490e-03
1.074575542660649195e-03
1.073191672032625110e-03
1.071811361200428712e-03
1.070434596446157103e-03
1.069061364122300727e-03
1.067691650651291912e-03
1.066325442525058610e-03
1.064962726304579440e-03
1.063603488619442638e-03
1.062247716167410202e-03
1.060895395713982699e-03
1.059546514091968617e-03
1.058201058201058272e-03
1.056859015007397939e-03
1.055520371543170908e-03
1.054185114906177690e-03
1.052853232259423144e-03
1.051524710830704489e-03
1.050199537912203203e-03
1.048877700860079750e-03
1.047559187094070912e-03
1.046243984097091446e-03
1.044932079414838139e-03
1.043623460655395590e-03
1.042318115488847195e-03
1.041016031646887444e-03
1.039717196922437239e-03
1.038421599169262691e-03
1.037129226301597169e-03
1.035840066293764209e-03
1.034554107179805641e-03
1.033271337053110134e-03
1.031991744066047389e-03
1.030715316429602112e-03
1.029442042413012109e-03
1.028171910343409412e-03
1.026904908605463145e-03
1.025641025641025640e-03
1.024380249948780939e-03
1.023122570083896113e-03
1.021867974657674318e-03
1.020616452337211755e-03
1.019367991845056146e-03
1.018122581958867809e-03
1.016880211511083992e-03
1.015640869388584290e-03
1.014404544532359525e-03
1.013171225937183452e-03
1.011940902651285116e-03
1.010713563776025970e-03
1.009489198465576571e-03
1.008267795926598258e-03
1.007049345417925477e-03
1.005833836250251368e-03
1.004621257785814860e-03
1.003411599438089503e-03
1.002204850671477299e-03
1.001001001001000992e-03
9.998000399920015883e-04
9.986019572598362880e-04
9.974067424695792512e-04
9.962143853357243069e-04
9.950248756218904849e-04
9.938382031405286303e-04
9.926543577526306204e-04
9.914733293674400996e-04
9.902951079421669009e-04
9.891196834817012496e-04
9.879470460383323049e-04
9.867771857114662672e-04
9.856100926473488223e-04
9.844457570387871517e-04
9.832841691248771481e-04
9.821253191907286777e-04
9.809691975671964818e-04
9.798157946306095597e-04
9.786651008025053222e-04
9.775171065493646130e-04
9.763718023823471630e-04
9.752291788570314904e-04
9.740892265731541499e-04
9.729519361743529937e-04
9.718172983479105411e-04
9.706853038245000578e-04
9.695559433779330459e-04
9.684292078249080336e-04
9.673050880247630523e-04
9.661835748792270287e-04
9.650646593321751893e-04
9.639483323693851143e-04
9.628345850182939850e-04
9.617234083477591922e-04
9.606147934678193777e-04
9.595087315294568856e-04
9.584052137243628160e-04
9.573042312847024034e-04
9.562057754828839733e-04
9.551098376313275733e-04
9.540164090822362067e-04
9.529254812273681499e-04
9.518370454978108963e-04
9.507510933637573769e-04
9.496676163342830483e-04
9.485866059571238483e-04
9.475080538184576205e-04
9.464319515426841299e-04
9.453582907922102822e-04
9.442870632672332835e-04
9.432182607055272696e-04
9.421518748822311270e-04
9.410878976096368571e-04
9.400263207369806504e-04
9.389671361502347196e-04
9.379103357719002169e-04
9.368559115608021031e-04
9.358038555118847754e-04
9.347541596560105144e-04
9.337068160597572801e-04
9.326618168252191103e-04
9.316191540898082542e-04
9.305788200260563291e-04
9.295408068414203568e-04
9.285051067780872823e-04
9.274717121127805516e-04
9.264406151565685336e-04
9.254118082546733751e-04
9.243852837862821326e-04
9.233610341643582299e-04
9.223390518354546500e-04
9.213193292795284275e-04
9.203018590097552512e-04
9.192866335723478589e-04
9.182736455463728084e-04
9.172628875435699571e-04
9.162543522081731352e-04
9.152480322167308186e-04
9.142439202779301631e-04
9.132420091324200623e-04
9.122422915526363744e-04
9.112447603426281247e-04
9.102494083378846832e-04
9.092562284051645700e-04
9.082652134423251263e-04
