# d_a
# unit = Mpc
2.670601992053743601e+01
2.664390468447593108e+01
2.658207914784654591e+01
2.652054128306448888e+01
2.645928908145625869e+01
2.639832055303878278e+01
2.633763372630236077e+01
2.627722664799679819e+01
2.621709738291992409e+01
2.615724401370971464e+01
2.609766464063852709e+01
2.603835738141088285e+01
2.597932037096348523e+01
2.592055176126846305e+01
2.586204972113896616e+01
2.580381243603739350e+01
2.574583810788666582e+01
2.568812495488342051e+01
2.563067121131437887e+01
2.557347512737480244e+01
2.551653496898941142e+01
2.545984901763584318e+01
2.540341557017079666e+01
2.534723293865764049e+01
2.529129945019726478e+01
2.523561344676046758e+01
2.518017328502338259e+01
2.512497733620396190e+01
2.507002398590182324e+01
2.501531163393947921e+01
2.496083869420582957e+01
2.490660359450171057e+01
2.485260477638779975e+01
2.479884069503365751e+01
2.474530981906994143e+01
2.469201063044162225e+01
2.463894162426349865e+01
2.458610130867720756e+01
2.453348820471105540e+01
2.448110084614036097e+01
2.442893777935073274e+01
2.437699756320217048e+01
2.432527876889576746e+01
2.427377997984148550e+01
2.422249979152821098e+01
2.417143681139449640e+01
2.412058965870233962e+01
2.406995696441131471e+01
2.401953737105499087e+01
2.396932953261853427e+01
2.391933211441858376e+01
2.386954379298340712e+01
2.381996325593582498e+01
2.377058920187690916e+01
2.372142034027103463e+01
2.367245539133305599e+01
2.362369308591611272e+01
2.357513216540151646e+01
2.352677138158927050e+01
2.347860949659079566e+01
2.343064528272221381e+01
2.338287752239937589e+01
2.333530500803415109e+01
2.328792654193201983e+01
2.324074093619049464e+01
2.319374701259967253e+01
2.314694360254289407e+01
2.310032954689952334e+01
2.305390369594856281e+01
2.300766490927343000e+01
2.296161205566766128e+01
2.291574401304259112e+01
2.287005966833494242e+01
2.282455791741638862e+01
2.277923766500427405e+01
2.273409782457260775e+01
2.268913731826496871e+01
2.264435507680794757e+01
2.259975003942583882e+01
2.255532115375636337e+01
2.251106737576713357e+01
2.246698766967351446e+01
2.242308098048892262e+01
2.237934634316643923e+01
2.233578271906094415e+01
2.229238910457429412e+01
2.224916450395840783e+01
2.220610792923898202e+01
2.216321840013922539e+01
2.212049494400546834e+01
2.207793659573269451e+01
2.203554239769155743e+01
2.199331139965618220e+01
2.195124265873234037e+01
2.190933523928704929e+01
2.186758821287876486e+01
2.182600065818792956e+01
2.178457166094947794e+01
2.174330031388462459e+01
2.170218571663457041e+01
2.166122697569445066e+01
2.162042320434841258e+01
2.157977352260486370e+01
2.153927705713278939e+01
2.149893294119905818e+01
2.145874031460600762e+01
2.141869832362987580e+01
2.137880612095987942e+01
2.133906286563804500e+01
2.129946772300007041e+01
2.126001986461594129e+01
2.122071846823226693e+01
2.118156271771436039e+01
2.114255180298952652e+01
2.110368491999087581e+01
2.106496127060167822e+01
2.102638006260042403e+01
2.098794050960619728e+01
2.094964183102507249e+01
2.091148325199690206e+01
2.087346400334282492e+01
2.083558332151297776e+01
2.079784044853522929e+01
2.076023463196417040e+01
2.072276512483089306e+01
2.068543118559306393e+01
2.064823207808591121e+01
2.061116707147315807e+01
2.057423544019934170e+01
2.053743646394158162e+01
2.050076942756265552e+01
2.046423362106487787e+01
2.042782833954293054e+01
2.039155288313928693e+01
2.035540655699839974e+01
2.031938867122211434e+01
2.028349854082601311e+01
2.024773548569472936e+01
2.021209883053988676e+01
2.017658790485608478e+01
2.014120204287978666e+01
2.010594058354634583e+01
2.007080287044944100e+01
2.003578825179955558e+01
2.000089608038344480e+01
1.996612571352434884e+01
1.993147651304175838e+01
1.989694784521266868e+01
1.986253908073229368e+01
1.982824959467576065e+01
1.979407876645995756e+01
1.976002597980576070e+01
1.972609062270116098e+01
1.969227208736370116e+01
1.965856977020461471e+01
1.962498307179221868e+01
1.959151139681631193e+01
1.955815415405285407e+01
1.952491075632883977e+01
1.949178062048748572e+01
1.945876316735447986e+01
1.942585782170305464e+01
1.939306401222128429e+01
1.936038117147818838e+01
1.932780873589121029e+01
1.929534614569342565e+01
1.926299284490126595e+01
1.923074828128250502e+01
1.919861190632490278e+01
1.916658317520449373e+01
1.913466154675513309e+01
1.910284648343729330e+01
1.907113745130801519e+01
1.903953391999075961e+01
1.900803536264571036e+01
1.897664125594022266e+01
1.894535108001959856e+01
1.891416431847844493e+01
1.888308045833181836e+01
1.885209898998724398e+01
1.882121940721624043e+01
1.879044120712705279e+01
1.875976389013678158e+01
1.872918695994449934e+01
1.869870992350396222e+01
1.866833229099746561e+01
1.863805357580890032e+01
1.860787329449776450e+01
1.857779096677380437e+01
1.854780611547029068e+01
1.851791826651963646e+01
1.848812694892782460e+01
1.845843169474932211e+01
1.842883203906323430e+01
1.839932751994771110e+01
1.836991767845661272e+01
1.834060205859545434e+01
1.831138020729755311e+01
1.828225167440028187e+01
1.825321601262246674e+01
1.822427277754064079e+01
1.819542152756686804e+01
1.816666182392556905e+01
1.813799323063159719e+01
1.810941531446786001e+01
1.808092764496336358e+01
1.805252979437148042e+01
1.802422133764834200e+01
1.799600185243175332e+01
1.796787091901977362e+01
1.793982812034989394e+01
1.791187304197841001e+01
1.788400527205955370e+01
1.785622440132557642e+01
1.782853002306634238e+01
1.780092173310913140e+01
1.777339912979958569e+01
1.774596181398123207e+01
1.771860938897670579e+01
1.769134146056816803e+01
1.766415763697846586e+01
1.763705752885211098e+01
1.761004074923668838e+01
1.758310691356428990e+01
1.755625563963294056e+01
1.752948654758894165e+01
1.750279925990824381e+01
1.747619340137893218e+01
1.744966859908351609e+01
1.742322448238131827e+01
1.739686068289132947e+01
1.737057683447443779e+01
1.734437257321700088e+01
1.731824753741375034e+01
1.729220136755096959e+01
1.726623370628963983e+01
1.724034419844972987e+01
1.721453249099320004e+01
1.718879823300825294e+01
1.716314107569315794e+01
1.713756067234047364e+01
1.711205667832130928e+01
1.708662875106964307e+01
1.706127655006744703e+01
1.703599973682837998e+01
1.701079797488363354e+01
1.698567092976625048e+01
1.696061826899669356e+01
1.693563966206779980e+01
1.691073478043021083e+01
1.688590329747784935e+01
1.686114488853397120e+01
1.683645923083623686e+01
1.681184600352310099e+01
1.678730488761958384e+01
1.676283556602372826e+01
1.673843772349236758e+01
1.671411104662801961e+01
1.668985522386499909e+01
1.666566994545625846e+01
1.664155490346014687e+01
1.661750979172693832e+01
1.659353430588634737e+01
1.656962814333398271e+01
1.654579100321913998e+01
1.652202258643172073e+01
1.649832259558970904e+01
1.647469073502674419e+01
1.645112671077987798e+01
1.642763023057711891e+01
1.640420100382532809e+01
1.638083874159810804e+01
1.635754315662431324e+01
1.633431396327542373e+01
1.631115087755429371e+01
1.628805361708356969e+01
1.626502190109400203e+01
1.624205545041291998e+01
1.621915398745315429e+01
1.619631723620128128e+01
1.617354492220724183e+01
1.615083677257239714e+01
1.612819251593938930e+01
1.610561188248074416e+01
1.608309460388816703e+01
1.606064041336204440e+01
1.603824904560072184e+01
1.601592023679000931e+01
1.599365372459265977e+01
1.597144924813829014e+01
1.594930654801286707e+01
1.592722536624870244e+01
1.590520544631434063e+01
1.588324653310455048e+01
1.586134837293046296e+01
1.583951071350966977e+01
1.581773330395650845e+01
1.579601589477249313e+01
1.577435823783661917e+01
1.575276008639590053e+01
1.573122119505587158e+01
1.570974131977142463e+01
1.568832021783736508e+01
1.566695764787936440e+01
1.564565336984452770e+01
1.562440714499279260e+01
1.560321873588784491e+01
1.558208790638775554e+01
1.556101442163700099e+01
1.553999804805681961e+01
1.551903855333719839e+01
1.549813570642802141e+01
1.547728927753045092e+01
1.545649903808863890e+01
1.543576476078107618e+01
1.541508621951268054e+01
1.539446318940598246e+01
1.537389544679342634e+01
1.535338276920885470e+01
1.533292493537984491e+01
1.531252172521923960e+01
1.529217291981765392e+01
1.527187830143524749e+01
1.525163765349413580e+01
1.523145076057059555e+01
1.521131740838735169e+01
1.519123738380586985e+01
1.517121047481911411e+01
1.515123647054348233e+01
1.513131516121205600e+01
1.511144633816653737e+01
1.509162979385049042e+01
1.507186532180167049e+01
1.505215271664504684e+01
1.503249177408560300e+01
1.501288229090102355e+01
1.499332406493510739e+01
1.497381689509041536e+01
1.495436058132132118e+01
1.493495492462742291e+01
1.491559972704648374e+01
1.489629479164779191e+01
1.487703992252524365e+01
1.485783492479099266e+01
1.483867960456867685e+01
1.481957376898645684e+01
1.480051722617163534e+01
1.478150978524283765e+01
1.476255125630447296e+01
1.474364145044016006e+01
1.472478017970627029e+01
1.470596725712602826e+01
1.468720249668282207e+01
1.466848571331432183e+01
1.464981672290647374e+01
1.463119534228714258e+01
1.461262138922020704e+01
1.459409468239970664e+01
1.457561504144374176e+01
1.455718228688865601e+01
1.453879624018322048e+01
1.452045672368272378e+01
1.450216356064343692e+01
1.448391657521666964e+01
1.446571559244321037e+01
1.444756043824771297e+01
1.442945093943316337e+01
1.441138692367525742e+01
1.439336821951684264e+01
1.437539465636266556e+01
1.435746606447383122e+01
1.433958227496240667e+01
1.432174311978612735e+01
1.430394843174321551e+01
1.428619804446690722e+01
1.426849179242034360e+01
1.425082951089155792e+01
1.423321103598800619e+01
1.421563620463177990e+01
1.419810485455444748e+01
1.418061682429190284e+01
1.416317195317951416e+01
1.414577008134723002e+01
1.412841104971457362e+01
1.411109469998569921e+01
1.409382087464488187e+01
1.407658941695110855e+01
1.405940017093396932e+01
1.404225298138861255e+01
1.402514769387103755e+01
1.400808415469340673e+01
1.399106221091955149e+01
1.397408171036030566e+01
1.395714250156903269e+01
1.394024443383687739e+01
1.392338735718852405e+01
1.390657112237757254e+01
1.388979558088222177e+01
1.387306058490073823e+01
1.385636598734726554e+01
1.383971164184727165e+01
1.382309740273354137e+01
1.380652312504164669e+01
1.378998866450580607e+01
1.377349387755476684e+01
1.375703862130733413e+01
1.374062275356872576e+01
1.372424613282582939e+01
1.370790861824376883e+01
1.369161006966120020e+01
1.367535034758685519e+01
1.365912931319521562e+01
1.364294682832250416e+01
1.362680275546301445e+01
1.361069695776497923e+01
1.359462929902660200e+01
1.357859964369257355e+01
1.356260785684990466e+01
1.354665380422395238e+01
1.353073735217551388e+01
1.351485836769579052e+01
1.349901671840386008e+01
1.348321227254215593e+01
1.346744489897322872e+01
1.345171446717599473e+01
1.343602084724201617e+01
1.342036390987200356e+01
1.340474352637228606e+01
1.338915956865115575e+01
1.337361190921540732e+01
1.335810042116689011e+01
1.334262497819885773e+01
1.332718545459287007e+01
1.331178172521499192e+01
1.329641366551238058e+01
1.328108115151060531e+01
1.326578405980936282e+01
1.325052226757956042e+01
1.323529565256023055e+01
1.322010409305491230e+01
1.320494746792854457e+01
1.318982565660427220e+01
1.317473853905993764e+01
1.315968599582536491e+01
1.314466790797878737e+01
1.312968415714398418e+01
1.311473462548691593e+01
1.309981919571263731e+01
1.308493775106260770e+01
1.307009017531104433e+01
1.305527635276220622e+01
1.304049616824754310e+01
1.302574950712216584e+01
1.301103625526237551e+01
1.299635629906252809e+01
1.298170952543193302e+01
1.296709582179233067e+01
1.295251507607443209e+01
1.293796717671560259e+01
1.292345201265666610e+01
1.290896947333916955e+01
1.289451944870249811e+01
1.288010182918112179e+01
1.286571650570182257e+01
1.285136336968103166e+01
1.283704231302177945e+01
1.282275322811132767e+01
1.280849600781808739e+01
1.279427054548943943e+01
1.278007673494843566e+01
1.276591447049163897e+01
1.275178364688625798e+01
1.273768415936762821e+01
1.272361590363653150e+01
1.270957877585662921e+01
1.269557267265195577e+01
1.268159749110425061e+01
1.266765312875048366e+01
1.265373948358049816e+01
1.263985645403420399e+01
1.262600393899934303e+01
1.261218183780892055e+01
1.259839005023869163e+01
1.258462847650489991e+01
1.257089701726176223e+01
1.255719557359893912e+01
1.254352404703938895e+01
1.252988233953699115e+01
1.251627035347373074e+01
1.250268799165811551e+01
1.248913515732215984e+01
1.247561175411950529e+01
1.246211768612291770e+01
1.244865285782216269e+01
1.243521717412150807e+01
1.242181054033774501e+01
1.240843286219778108e+01
1.239508404583644285e+01
1.238176399779439585e+01
1.236847262501567002e+01
