# d_l
# unit = Mpc
6.735387481095956638e+06
6.751873450584352948e+06
6.768359827836497687e+06
6.784846611216658726e+06
6.801333799099249765e+06
6.817821389868600294e+06
6.834309381918887608e+06
6.850797773654134013e+06
6.867286563488034531e+06
6.883775749843971804e+06
6.900265331154838204e+06
6.916755305863023736e+06
6.933245672420289367e+06
6.949736429287733510e+06
6.966227574935713783e+06
6.982719107843705453e+06
6.999211026500328444e+06
7.015703329403176904e+06
7.032196015058812685e+06
7.048689081982679665e+06
7.065182528698990121e+06
7.081676353740662336e+06
7.098170555649361573e+06
7.114665132975251414e+06
7.131160084277071059e+06
7.147655408121944405e+06
7.164151103085466661e+06
7.180647167751458474e+06
7.197143600712030195e+06
7.213640400567493401e+06
7.230137565926253796e+06
7.246635095404755324e+06
7.263132987627502531e+06
7.279631241226810031e+06
7.296129854842953384e+06
7.312628827123981901e+06
7.329128156725703739e+06
7.345627842311532237e+06
7.362127882552603260e+06
7.378628276127551682e+06
7.395129021722566336e+06
7.411630118031211197e+06
7.428131563754490577e+06
7.444633357600694522e+06
7.461135498285477981e+06
7.477637984531576745e+06
7.494140815069004893e+06
7.510643988634841517e+06
7.527147503973222338e+06
7.543651359835237265e+06
7.560155554979030974e+06
7.576660088169523515e+06
7.593164958178551868e+06
7.609670163784740493e+06
7.626175703773394227e+06
7.642681576936563477e+06
7.659187782072888687e+06
7.675694317987668328e+06
7.692201183492650278e+06
7.708708377406159416e+06
7.725215898552909493e+06
7.741723745764000341e+06
7.758231917876895517e+06
7.774740413735382259e+06
7.791249232189437374e+06
7.807758372095334344e+06
7.824267832315419801e+06
7.840777611718186177e+06
7.857287709178206511e+06
7.873798123576099053e+06
7.890308853798383847e+06
7.906819898737638257e+06
7.923331257292253897e+06
7.939842928366449662e+06
7.956354910870357417e+06
7.972867203719787300e+06
7.989379805836313404e+06
8.005892716147185303e+06
8.022405933585289866e+06
8.038919457089152187e+06
8.055433285602809861e+06
8.071947418075860478e+06
8.088461843591118231e+06
8.104976580723308027e+06
8.121491618695030920e+06
8.138006956477606669e+06
8.154522593047611415e+06
8.171038527387004346e+06
8.187554758482887410e+06
8.204071285327691585e+06
8.220588106918959878e+06
8.237105222259384580e+06
8.253622630356837064e+06
8.270140330224178731e+06
8.286658320879343897e+06
8.303176601345308125e+06
8.319695170649890788e+06
8.336214027826027013e+06
8.352733171911417507e+06
8.369252601948671974e+06
8.385772316985204816e+06
8.402292316073304042e+06
8.418812598269985989e+06
8.435333162636943161e+06
8.451854008240645751e+06
8.468375134152218699e+06
8.484896539447428659e+06
8.501418223206626251e+06
8.517940184514690191e+06
8.534462422461174428e+06
8.550984936140026897e+06
8.567507724649772048e+06
8.584030787093326449e+06
8.600554122578015551e+06
8.617077730215594172e+06
8.633601609122173861e+06
8.650125758418235928e+06
8.666650177228514105e+06
8.683174864682015032e+06
8.699699819912010804e+06
8.716225042056040838e+06
8.732750530255772173e+06
8.749276283657079563e+06
8.765802301409935579e+06
8.782328582668457180e+06
8.798855126590805128e+06
8.815381932339258492e+06
8.831908999080050737e+06
8.848436325983531773e+06
8.864963912223918363e+06
8.881491756979350001e+06
8.898019859432080761e+06
8.914548218768021092e+06
8.931076834177153185e+06
8.947605704853229225e+06
8.964134829993769526e+06
8.980664208800269291e+06
8.997193840477753431e+06
9.013723724235262722e+06
9.030253859285295010e+06
9.046784244844311848e+06
9.063314880132231861e+06
9.079845764372805133e+06
9.096376896793339401e+06
9.112908276624707505e+06
9.129439903101470321e+06
9.145971775461621583e+06
9.162503892946830019e+06
9.179036254802215844e+06
9.195568860276425257e+06
9.212101708621563390e+06
9.228634799093130976e+06
9.245168130950212479e+06
9.261701703455118462e+06
9.278235515873700380e+06
9.294769567475097254e+06
9.311303857531784102e+06
9.327838385319616646e+06
9.344373150117730722e+06
9.360908151208493859e+06
9.377443387877726927e+06
9.393978859414236620e+06
9.410514565110238269e+06
9.427050504261028022e+06
9.443586676165182143e+06
9.460123080124419183e+06
9.476659715443601832e+06
9.493196581430677325e+06
9.509733677396776155e+06
9.526271002656014636e+06
9.542808556525707245e+06
9.559346338326117024e+06
9.575884347380576655e+06
9.592422583015419543e+06
9.608961044560020790e+06
9.625499731346704066e+06
9.642038642710698768e+06
9.658577777990264818e+06
9.675117136526508257e+06
9.691656717663552612e+06
9.708196520748274401e+06
9.724736545130541548e+06
9.741276790162986144e+06
9.757817255201153457e+06
9.774357939603302628e+06
9.790898842730652541e+06
9.807439963947093114e+06
9.823981302619256079e+06
9.840522858116760850e+06
9.857064629811646417e+06
9.873606617078870535e+06
9.890148819296065718e+06
9.906691235843436792e+06
9.923233866104163229e+06
9.939776709463752806e+06
9.956319765310479328e+06
9.972863033035311848e+06
9.989406512031823397e+06
1.000595020169603825e+07
1.002249410142675601e+07
1.003903821062517166e+07
1.005558252869519033e+07
1.007212705504311994e+07
1.008867178907788172e+07
1.010521673021089658e+07
1.012176187785606273e+07
1.013830723142974824e+07
1.015485279035075568e+07
1.017139855404042825e+07
1.018794452192248218e+07
1.020449069342306443e+07
1.022103706797078438e+07
1.023758364499653690e+07
1.025413042393372208e+07
1.027067740421808138e+07
1.028722458528756909e+07
1.030377196658274904e+07
1.032031954754627310e+07
1.033686732762324996e+07
1.035341530626100488e+07
1.036996348290921375e+07
1.038651185701978765e+07
1.040306042804694548e+07
1.041960919544716366e+07
1.043615815867904387e+07
1.045270731720360741e+07
1.046925667048392072e+07
1.048580621798530780e+07
1.050235595917530358e+07
1.051890589352359064e+07
1.053545602050214075e+07
1.055200633958483860e+07
1.056855685024787858e+07
1.058510755196960457e+07
1.060165844423045591e+07
1.061820952651280724e+07
1.063476079830138199e+07
1.065131225908283517e+07
1.066786390834596194e+07
1.068441574558158033e+07
1.070096777028257772e+07
1.071751998194386438e+07
1.073407238006231375e+07
1.075062496413707919e+07
1.076717773366895691e+07
1.078373068816099130e+07
1.080028382711805776e+07
1.081683715004713647e+07
1.083339065645711496e+07
1.084994434585880302e+07
1.086649821776490659e+07
1.088305227169027738e+07
1.089960650715146773e+07
1.091616092366703600e+07
1.093271552075736597e+07
1.094927029794487730e+07
1.096582525475368835e+07
1.098238039070994034e+07
1.099893570534154028e+07
1.101549119817827828e+07
1.103204686875184253e+07
1.104860271659559757e+07
1.106515874124493077e+07
1.108171494223683327e+07
1.109827131911027245e+07
1.111482787140594423e+07
1.113138459866628051e+07
1.114794150043550320e+07
1.116449857625967264e+07
1.118105582568655163e+07
1.119761324826563522e+07
1.121417084354809113e+07
1.123072861108708009e+07
1.124728655043718964e+07
1.126384466115477122e+07
1.128040294279796816e+07
1.129696139492660947e+07
1.131352001710214093e+07
1.133007880888781510e+07
1.134663776984829456e+07
1.136319689955022372e+07
1.137975619756156765e+07
1.139631566345220432e+07
1.141287529679353349e+07
1.142943509715852328e+07
1.144599506412183307e+07
1.146255519725972787e+07
1.147911549615007080e+07
1.149567596037224680e+07
1.151223658950732835e+07
1.152879738313788362e+07
1.154535834084807523e+07
1.156191946222363599e+07
1.157848074685182981e+07
1.159504219432149082e+07
1.161160380422295816e+07
1.162816557614807412e+07
1.164472750969027542e+07
1.166128960444447584e+07
1.167785186000709422e+07
1.169441427597600035e+07
1.171097685195062496e+07
1.172753958753184974e+07
1.174410248232209682e+07
1.176066553592506424e+07
1.177722874794607796e+07
1.179379211799198762e+07
1.181035564567080513e+07
1.182691933059233800e+07
1.184348317236749455e+07
1.186004717060879618e+07
1.187661132493016683e+07
1.189317563494688459e+07
1.190974010027570650e+07
1.192630472053465061e+07
1.194286949534333870e+07
1.195943442432253994e+07
1.197599950709457509e+07
1.199256474328299239e+07
1.200913013251287863e+07
1.202569567441049032e+07
1.204226136860358529e+07
1.205882721472115256e+07
1.207539321239356697e+07
1.209195936125254631e+07
1.210852566093112342e+07
1.212509211106357910e+07
1.214165871128568426e+07
1.215822546123425104e+07
1.217479236054767109e+07
1.219135940886537358e+07
1.220792660582826287e+07
1.222449395107841305e+07
1.224106144425921887e+07
1.225762908501536585e+07
1.227419687299265340e+07
1.229076480783833936e+07
1.230733288920085877e+07
1.232390111672978662e+07
1.234046949007607251e+07
1.235703800889182836e+07
1.237360667283044569e+07
1.239017548154641874e+07
1.240674443469558842e+07
1.242331353193501011e+07
1.243988277292260900e+07
1.245645215731811523e+07
1.247302168478192948e+07
1.248959135497583449e+07
1.250616116756281257e+07
1.252273112220690958e+07
1.253930121857354231e+07
1.255587145632909052e+07
1.257244183514112793e+07
1.258901235467849672e+07
1.260558301461108215e+07
1.262215381460988708e+07
1.263872475434714742e+07
1.265529583349617943e+07
1.267186705173141882e+07
1.268843840872845612e+07
1.270500990416391939e+07
1.272158153771566786e+07
1.273815330906257592e+07
1.275472521788461879e+07
1.277129726386287808e+07
1.278786944667957164e+07
1.280444176601798460e+07
1.282101422156239860e+07
1.283758681299827062e+07
1.285415954001210257e+07
1.287073240229143575e+07
1.288730539952486195e+07
1.290387853140212595e+07
1.292045179761391506e+07
1.293702519785195217e+07
1.295359873180913553e+07
1.297017239917922951e+07
1.298674619965714589e+07
1.300332013293883577e+07
1.301989419872117601e+07
1.303646839670208097e+07
1.305304272658054531e+07
1.306961718805656582e+07
1.308619178083103895e+07
1.310276650460609049e+07
1.311934135908448696e+07
1.313591634397026524e+07
1.315249145896840654e+07
1.316906670378484391e+07
1.318564207812641561e+07
1.320221758170099556e+07
1.321879321421742812e+07
1.323536897538558953e+07
1.325194486491618119e+07
1.326852088252095692e+07
1.328509702791257203e+07
1.330167330080468208e+07
1.331824970091181062e+07
1.333482622794950195e+07
1.335140288163411245e+07
1.336797966168308444e+07
1.338455656781469658e+07
1.340113359974814951e+07
1.341771075720364973e+07
1.343428803990211338e+07
1.345086544756565802e+07
1.346744297991699725e+07
1.348402063668006100e+07
1.350059841757935658e+07
1.351717632234054245e+07
1.353375435069008730e+07
1.355033250235524401e+07
1.356691077706431225e+07
1.358348917454640754e+07
1.360006769453138486e+07
1.361664633675021306e+07
1.363322510093463399e+07
1.364980398681698553e+07
1.366638299413107336e+07
1.368296212261087261e+07
1.369954137199173681e+07
1.371612074200955592e+07
1.373270023240119964e+07
1.374927984290439449e+07
1.376585957325762697e+07
1.378243942320022918e+07
1.379901939247243665e+07
1.381559948081525043e+07
1.383217968797049485e+07
1.384876001368087344e+07
1.386534045768976398e+07
1.388192101974160597e+07
1.389850169958145544e+07
1.391508249695500731e+07
1.393166341160929203e+07
1.394824444329170138e+07
1.396482559175043926e+07
1.398140685673470423e+07
1.399798823799435608e+07
1.401456973528007977e+07
1.403115134834340215e+07
1.404773307693641447e+07
1.406431492081222869e+07
1.408089687972457707e+07
1.409747895342809893e+07
1.411406114167807996e+07
1.413064344423049316e+07
1.414722586084238440e+07
1.416380839127124660e+07
1.418039103527539037e+07
1.419697379261409119e+07
1.421355666304704733e+07
1.423013964633489586e+07
1.424672274223903567e+07
1.426330595052143745e+07
1.427988927094507776e+07
1.429647270327334106e+07
1.431305624727058783e+07
1.432963990270182490e+07
1.434622366933279671e+07
1.436280754692991078e+07
1.437939153526031412e+07
1.439597563409186155e+07
1.441255984319325350e+07
1.442914416233368777e+07
1.444572859128324501e+07
1.446231312981250696e+07
1.447889777769307233e+07
1.449548253469689004e+07
1.451206740059679560e+07
1.452865237516625039e+07
1.454523745817948133e+07
1.456182264941134304e+07
1.457840794863736257e+07
1.459499335563380644e+07
1.461157887017752603e+07
1.462816449204605073e+07
1.464475022101773880e+07
1.466133605687144026e+07
1.467792199938676693e+07
1.469450804834398255e+07
1.471109420352393389e+07
1.472768046470822953e+07
1.474426683167912997e+07
1.476085330421941169e+07
1.477743988211261854e+07
1.479402656514309347e+07
1.481061335309538990e+07
1.482720024575518444e+07
1.484378724290845729e+07
1.486037434434198961e+07
1.487696154984313995e+07
1.489354885919997469e+07
1.491013627220104262e+07
1.492672378863565065e+07
1.494331140829368867e+07
1.495989913096564636e+07
1.497648695644274913e+07
1.499307488451661915e+07
