# d_m
# unit = Mpc
1.341176320409390064e+04
1.341254161816518354e+04
1.341331713800336547e+04
1.341408978097401814e+04
1.341485956429832368e+04
1.341562650505430975e+04
1.341639062017842116e+04
1.341715192646716423e+04
1.341791044057841827e+04
1.341866617903308361e+04
1.341941915821633120e+04
1.342016939437916881e+04
1.342091690363973794e+04
1.342166170198480904e+04
1.342240380527112393e+04
1.342314322922665269e+04
1.342387998945210711e+04
1.342461410142207569e+04
1.342534558048646977e+04
1.342607444187177134e+04
1.342680070068222994e+04
1.342752437190114324e+04
1.342824547039228310e+04
1.342896401090081599e+04
1.342968000805474730e+04
1.343039347636592174e+04
1.343110443023147127e+04
1.343181288393463910e+04
1.343251885164619489e+04
1.343322234742550063e+04
1.343392338522157843e+04
1.343462197887422190e+04
1.343531814211524579e+04
1.343601188856923363e+04
1.343670323175497833e+04
1.343739218508633166e+04
1.343807876187331203e+04
1.343876297532296303e+04
1.343944483854071586e+04
1.344012436453105875e+04
1.344080156619877380e+04
1.344147645634967557e+04
1.344214904769180248e+04
1.344281935283621351e+04
1.344348738429815785e+04
1.344415315449762056e+04
1.344481667576068321e+04
1.344547796032016049e+04
1.344613702031658249e+04
1.344679386779899687e+04
1.344744851472612936e+04
1.344810097296685126e+04
1.344875125430136723e+04
1.344939937042195379e+04
1.345004533293367604e+04
1.345068915335544261e+04
1.345133084312063329e+04
1.345197041357810667e+04
1.345260787599274408e+04
1.345324324154652641e+04
1.345387652133909614e+04
1.345450772638859962e+04
1.345513686763249279e+04
1.345576395592831977e+04
1.345638900205429672e+04
1.345701201671033050e+04
1.345763301051843882e+04
1.345825199402366343e+04
1.345886897769477036e+04
1.345948397192495577e+04
1.346009698703238428e+04
1.346070803326121677e+04
1.346131712078194687e+04
1.346192425969218493e+04
1.346252946001752571e+04
1.346313273171189940e+04
1.346373408465843204e+04
1.346433352867000576e+04
1.346493107348991362e+04
1.346552672879254897e+04
1.346612050418390027e+04
1.346671240920230412e+04
1.346730243688164774e+04
1.346789062931756234e+04
1.346847697959375000e+04
1.346906149698378977e+04
1.346964419069641917e+04
1.347022506987636734e+04
1.347080414360462055e+04
1.347138142089932990e+04
1.347195691071609144e+04
1.347253062194861741e+04
1.347310256342937828e+04
1.347367274392991021e+04
1.347424117216153536e+04
1.347480785677589665e+04
1.347537280636522701e+04
1.347593602946334795e+04
1.347649753454568963e+04
1.347705733003006753e+04
1.347761542427708810e+04
1.347817182559079993e+04
1.347872654221899757e+04
1.347927958235369806e+04
1.347983095413181036e+04
1.348038066563549546e+04
1.348092872489264300e+04
1.348147513987730053e+04
1.348201991851011553e+04
1.348256306865904480e+04
1.348310459813943089e+04
1.348364451471478242e+04
1.348418282609696143e+04
1.348471953994671821e+04
1.348525466387416964e+04
1.348578820543919574e+04
1.348632017215191081e+04
1.348685057147294356e+04
1.348737941081394092e+04
1.348790669753800103e+04
1.348843243896013519e+04
1.348895664234750075e+04
1.348947931491995041e+04
1.349000046385031783e+04
1.349052009626491053e+04
1.349103821924379736e+04
1.349155483982133410e+04
1.349206996498632907e+04
1.349258360168272702e+04
1.349309575680961825e+04
1.349360643722174063e+04
1.349411564973017994e+04
1.349462340110206060e+04
1.349512969806157889e+04
1.349563454728993929e+04
1.349613795542572916e+04
1.349663992906562817e+04
1.349714047476410633e+04
1.349763959903453542e+04
1.349813730834872149e+04
1.349863360913803444e+04
1.349912850779301698e+04
1.349962201066429407e+04
1.350011412406254021e+04
1.350060485425882507e+04
1.350109420748516641e+04
1.350158218993448645e+04
1.350206880776131766e+04
1.350255406708181181e+04
1.350303797397419294e+04
1.350352053447898470e+04
1.350400175459925595e+04
1.350448164030121552e+04
1.350496019751402491e+04
1.350543743213056950e+04
1.350591335000740582e+04
1.350638795696516536e+04
1.350686125878890198e+04
1.350733326122829021e+04
1.350780396999782715e+04
1.350827339077748002e+04
1.350874152921230416e+04
1.350920839091334710e+04
1.350967398145747939e+04
1.351013830638795662e+04
1.351060137121453772e+04
1.351106318141374686e+04
1.351152374242908809e+04
1.351198305967146553e+04
1.351244113851916882e+04
1.351289798431847521e+04
1.351335360238354042e+04
1.351380799799686065e+04
1.351426117640943994e+04
1.351471314284109940e+04
1.351516390248062817e+04
1.351561346048598170e+04
1.351606182198469651e+04
1.351650899207391558e+04
1.351695497582085409e+04
1.351739977826270479e+04
1.351784340440720189e+04
1.351828585923256469e+04
1.351872714768793958e+04
1.351916727469336547e+04
1.351960624514036499e+04
1.352004406389177529e+04
1.352048073578207550e+04
1.352091626561797420e+04
1.352135065817784198e+04
1.352178391821263904e+04
1.352221605044580974e+04
1.352264705957335173e+04
1.352307695026459987e+04
1.352350572716156785e+04
1.352393339487975936e+04
1.352435995800828823e+04
1.352478542110997114e+04
1.352520978872132764e+04
1.352563306535324773e+04
1.352605525549066442e+04
1.352647636359320859e+04
1.352689639409497795e+04
1.352731535140504457e+04
1.352773323990749122e+04
1.352815006396158969e+04
1.352856582790198627e+04
1.352898053603884364e+04
1.352939419265819197e+04
1.352980680202188887e+04
1.353021836836789043e+04
1.353062889591049134e+04
1.353103838884025754e+04
1.353144685132452105e+04
1.353185428750735446e+04
1.353226070150956184e+04
1.353266609742940454e+04
1.353307047934208640e+04
1.353347385130040675e+04
1.353387621733464766e+04
1.353427758145290136e+04
1.353467794764111022e+04
1.353507731986331783e+04
1.353547570206178898e+04
1.353587309815699700e+04
1.353626951204818215e+04
1.353666494761303511e+04
1.353705940870811901e+04
1.353745289916899128e+04
1.353784542281028371e+04
1.353823698342603348e+04
1.353862758478937576e+04
1.353901723065318947e+04
1.353940592475006997e+04
1.353979367079240910e+04
1.354018047247233699e+04
1.354056633346241688e+04
1.354095125741525044e+04
1.354133524796390157e+04
1.354171830872190185e+04
1.354210044328344338e+04
1.354248165522348427e+04
1.354286194809779772e+04
1.354324132544353779e+04
1.354361979077856267e+04
1.354399734760234969e+04
1.354437399939560783e+04
1.354474974962075794e+04
1.354512460172182546e+04
1.354549855912459861e+04
1.354587162523673214e+04
1.354624380344819292e+04
1.354661509713083433e+04
1.354698550963891466e+04
1.354735504430900437e+04
1.354772370446037712e+04
1.354809149339472242e+04
1.354845841439667129e+04
1.354882447073360527e+04
1.354918966565593837e+04
1.354955400239725168e+04
1.354991748417414601e+04
1.355028011418678943e+04
1.355064189561852982e+04
1.355100283163647509e+04
1.355136292539129863e+04
1.355172218001738656e+04
1.355208059863299786e+04
1.355243818434046261e+04
1.355279494022612380e+04
1.355315086936048647e+04
1.355350597479827411e+04
1.355386025957890524e+04
1.355421372672594589e+04
1.355456637924761890e+04
1.355491822013694764e+04
1.355526925237174146e+04
1.355561947891462114e+04
1.355596890271334632e+04
1.355631752670047172e+04
1.355666535379411107e+04
1.355701238689726961e+04
1.355735862889864984e+04
1.355770408267228959e+04
1.355804875107772568e+04
1.355839263696023772e+04
1.355873574315084988e+04
1.355907807246642005e+04
1.355941962770965620e+04
1.355976041166940922e+04
1.356010042712054019e+04
1.356043967682414404e+04
1.356077816352760601e+04
1.356111588996466526e+04
1.356145285885554586e+04
1.356178907290698044e+04
1.356212453481231023e+04
1.356245924725166151e+04
1.356279321289192376e+04
1.356312643438686973e+04
1.356345891437717364e+04
1.356379065549064762e+04
1.356412166034218353e+04
1.356445193153395303e+04
1.356478147165520568e+04
1.356511028328274369e+04
1.356543836898089285e+04
1.356576573130117868e+04
1.356609237278313594e+04
1.356641829595360286e+04
1.356674350332737959e+04
1.356706799740708993e+04
1.356739178068319234e+04
1.356771485563420720e+04
1.356803722472656591e+04
1.356835889041506198e+04
1.356867985514243264e+04
1.356900012133987730e+04
1.356931969142678463e+04
1.356963856781116192e+04
1.356995675288929124e+04
1.357027424904618601e+04
1.357059105865536003e+04
1.357090718407908207e+04
1.357122262766840140e+04
1.357153739176319505e+04
1.357185147869216416e+04
1.357216489077317783e+04
1.357247763031285103e+04
1.357278969960721406e+04
1.357310110094118500e+04
1.357341183658912996e+04
1.357372190881458300e+04
1.357403131987050256e+04
1.357434007199929874e+04
1.357464816743270603e+04
1.357495560839224527e+04
1.357526239708896901e+04
1.357556853572349428e+04
1.357587402648632815e+04
1.357617887155770950e+04
1.357648307310779637e+04
1.357678663329653682e+04
1.357708955427400906e+04
1.357739183818033962e+04
1.357769348714539228e+04
1.357799450328985768e+04
1.357829488872406910e+04
1.357859464554885380e+04
1.357889377585538750e+04
1.357919228172512339e+04
1.357949016523017417e+04
1.357978742843293549e+04
1.358008407338639881e+04
1.358038010213430061e+04
1.358067551671092588e+04
1.358097031914126092e+04
1.358126451144116618e+04
1.358155809561727801e+04
1.358185107366711600e+04
1.358214344757916479e+04
1.358243521933281954e+04
1.358272639089864242e+04
1.358301696423819158e+04
1.358330694130417396e+04
1.358359632404049989e+04
1.358388511438237947e+04
1.358417331425629709e+04
1.358446092557999509e+04
1.358474795026271931e+04
1.358503439020513906e+04
1.358532024729938348e+04
1.358560552342911978e+04
1.358589022046970604e+04
1.358617434028802927e+04
1.358645788474265100e+04
1.358674085568401097e+04
1.358702325495414880e+04
1.358730508438705510e+04
1.358758634580860598e+04
1.358786704103650118e+04
1.358814717188042596e+04
1.358842674014214754e+04
1.358870574761547687e+04
1.358898419608622862e+04
1.358926208733259591e+04
1.358953942312459913e+04
1.358981620522477351e+04
1.359009243538789815e+04
1.359036811536103596e+04
1.359064324688354463e+04
1.359091783168725124e+04
1.359119187149643221e+04
1.359146536802792252e+04
1.359173832299095557e+04
1.359201073808743786e+04
1.359228261501183988e+04
1.359255395545134161e+04
1.359282476108574338e+04
1.359309503358766779e+04
1.359336477462239054e+04
1.359363398584816423e+04
1.359390266891600368e+04
1.359417082546982238e+04
1.359443845714655436e+04
1.359470556557590862e+04
1.359497215238089666e+04
1.359523821917726491e+04
1.359550376757416961e+04
1.359576879917357110e+04
1.359603331557085221e+04
1.359629731835451821e+04
1.359656080910620585e+04
1.359682378940099443e+04
1.359708626080721479e+04
1.359734822488640748e+04
1.359760968319374297e+04
1.359787063727771238e+04
1.359813108868000199e+04
1.359839103893639185e+04
1.359865048957550425e+04
1.359890944212004797e+04
1.359916789808601789e+04
1.359942585898316611e+04
1.359968332631493104e+04
1.359994030157837005e+04
1.360019678626428868e+04
1.360045278185732059e+04
1.360070828983584397e+04
1.360096331167206881e+04
1.360121784883212786e+04
1.360147190277591289e+04
1.360172547495748222e+04
1.360197856682467864e+04
1.360223117981916585e+04
1.360248331537716331e+04
1.360273497492851857e+04
1.360298615989717473e+04
1.360323687170140511e+04
1.360348711175350400e+04
1.360373688145998676e+04
1.360398618222164441e+04
1.360423501543329076e+04
1.360448338248426080e+04
1.360473128475804515e+04
1.360497872363259739e+04
1.360522570048012494e+04
1.360547221666714358e+04
1.360571827355489950e+04
1.360596387249879626e+04
1.360620901484877140e+04
1.360645370194948555e+04
1.360669793513981313e+04
1.360694171575339169e+04
1.360718504511846731e+04
1.360742792455775270e+04
1.360767035538886921e+04
1.360791233892379751e+04
1.360815387646947056e+04
1.360839496932746988e+04
1.360863561879415283e+04
1.360887582616061445e+04
1.360911559271277292e+04
1.360935491973138778e+04
1.360959380849221270e+04
1.360983226026569173e+04
1.361007027631736128e+04
1.361030785790749906e+04
1.361054500629166432e+04
1.361078172272008487e+04
1.361101800843818637e+04
1.361125386468639044e+04
1.361148929270024564e+04
1.361172429371036014e+04
1.361195886894244904e+04
1.361219301961742713e+04
1.361242674695130154e+04
1.361266005215526820e+04
1.361289293643589917e+04
1.361312540099483704e+04
1.361335744702909142e+04
1.361358907573094803e+04
1.361382028828792863e+04
1.361405108588300027e+04
1.361428146969448790e+04
1.361451144089597074e+04
1.361474100065655148e+04
1.361497015014089266e+04
1.361519889050872371e+04
1.361542722291568862e+04
1.361565514851261833e+04
1.361588266844602549e+04
1.361610978385789895e+04
1.361633649588588014e+04
1.361656280566305213e+04
1.361678871431823609e+04
1.361701422297584395e+04
1.361723933275591480e+04
1.361746404477427677e+04
1.361768836014225235e+04
