# h
# unit = 1.0/Mpc
1.538724050793194076e+00
1.544473175612981697e+00
1.550230497921433637e+00
1.555996012479607504e+00
1.561769714071108428e+00
1.567551597501952498e+00
1.573341657600423105e+00
1.579139889216929493e+00
1.584946287223874206e+00
1.590760846515507199e+00
1.596583562007796608e+00
1.602414428638291310e+00
1.608253441365984360e+00
1.614100595171184649e+00
1.619955885055382350e+00
1.625819306041117907e+00
1.631690853171853028e+00
1.637570521511844568e+00
1.643458306146011960e+00
1.649354202179816875e+00
1.655258204739131989e+00
1.661170308970120857e+00
1.667090510039113127e+00
1.673018803132482191e+00
1.678955183456523281e+00
1.684899646237334236e+00
1.690852186720696038e+00
1.696812800171953572e+00
1.702781481875898395e+00
1.708758227136654595e+00
1.714743031277558671e+00
1.720735889641048288e+00
1.726736797588548589e+00
1.732745750500357396e+00
1.738762743775536412e+00
1.744787772831797090e+00
1.750820833105389829e+00
1.756861920051001391e+00
1.762911029141637442e+00
1.768968155868521519e+00
1.775033295740985784e+00
1.781106444286365775e+00
1.787187597049895160e+00
1.793276749594601815e+00
1.799373897501204134e+00
1.805479036368009549e+00
1.811592161810809287e+00
1.817713269462783110e+00
1.823842354974394731e+00
1.829979414013292782e+00
1.836124442264214895e+00
1.842277435428885557e+00
1.848438389225924627e+00
1.854607299390744313e+00
1.860784161675459236e+00
1.866968971848788295e+00
1.873161725695960955e+00
1.879362419018625108e+00
1.885571047634753361e+00
1.891787607378549341e+00
1.898012094100360203e+00
1.904244503666581378e+00
1.910484831959571750e+00
1.916733074877557286e+00
1.922989228334551548e+00
1.929253288260258659e+00
1.935525250599991587e+00
1.941805111314583998e+00
1.948092866380304322e+00
1.954388511788769156e+00
1.960692043546860219e+00
1.967003457676639311e+00
1.973322750215264820e+00
1.979649917214908461e+00
1.985984954742674669e+00
1.992327858880516889e+00
1.998678625725156532e+00
2.005037251388006148e+00
2.011403731995082822e+00
2.017778063686935131e+00
2.024160242618561423e+00
2.030550264959330331e+00
2.036948126892909272e+00
2.043353824617177406e+00
2.049767354344159909e+00
2.056188712299943155e+00
2.062617894724604550e+00
2.069054897872137033e+00
2.075499718010371808e+00
2.081952351420908620e+00
2.088412794399039374e+00
2.094881043253676189e+00
2.101357094307282125e+00
2.107840943895792130e+00
2.114332588368551313e+00
2.120832024088236345e+00
2.127339247430789282e+00
2.133854254785347848e+00
2.140377042554172604e+00
2.146907607152584774e+00
2.153445945008890750e+00
2.159992052564319032e+00
2.166545926272951839e+00
2.173107562601657605e+00
2.179676958030023926e+00
2.186254109050294936e+00
2.192839012167300705e+00
2.199431663898398170e+00
2.206032060773400971e+00
2.212640199334520830e+00
2.219256076136297828e+00
2.225879687745539570e+00
2.232511030741264335e+00
2.239150101714628249e+00
2.245796897268871106e+00
2.252451414019251086e+00
2.259113648592984358e+00
2.265783597629187796e+00
2.272461257778811916e+00
2.279146625704588480e+00
2.285839698080963434e+00
2.292540471594044504e+00
2.299248942941538587e+00
2.305965108832696231e+00
2.312688965988250800e+00
2.319420511140362073e+00
2.326159741032559847e+00
2.332906652419687976e+00
2.339661242067843094e+00
2.346423506754327981e+00
2.353193443267585394e+00
2.359971048407148331e+00
2.366756318983588070e+00
2.373549251818450667e+00
2.380349843744214322e+00
2.387158091604224097e+00
2.393973992252647065e+00
2.400797542554414132e+00
2.407628739385169858e+00
2.414467579631220495e+00
2.421314060189478923e+00
2.428168177967414909e+00
2.435029929883004485e+00
2.441899312864676652e+00
2.448776323851265868e+00
2.455660959791957865e+00
2.462553217646242576e+00
2.469453094383863068e+00
2.476360586984764467e+00
2.483275692439049109e+00
2.490198407746923248e+00
2.497128729918651757e+00
2.504066655974510169e+00
2.511012182944730498e+00
2.517965307869464819e+00
2.524926027798727102e+00
2.531894339792351900e+00
2.538870240919947729e+00
2.545853728260849547e+00
2.552844798904072121e+00
2.559843449948263849e+00
2.566849678501662790e+00
2.573863481682054033e+00
2.580884856616716849e+00
2.587913800442388723e+00
2.594950310305213392e+00
2.601994383360703100e+00
2.609046016773691523e+00
2.616105207718291581e+00
2.623171953377848364e+00
2.630246250944903164e+00
2.637328097621143286e+00
2.644417490617366084e+00
2.651514427153429221e+00
2.658618904458219134e+00
2.665730919769597751e+00
2.672850470334369177e+00
2.679977553408237512e+00
2.687112166255759327e+00
2.694254306150313472e+00
2.701403970374051777e+00
2.708561156217863086e+00
2.715725860981334172e+00
2.722898081972703110e+00
2.730077816508832633e+00
2.737265061915157727e+00
2.744459815525651880e+00
2.751662074682792891e+00
2.758871836737515792e+00
2.766089099049182209e+00
2.773313858985535063e+00
2.780546113922668372e+00
2.787785861244984620e+00
2.795033098345157896e+00
2.802287822624098812e+00
2.809550031490913202e+00
2.816819722362871925e+00
2.824096892665369118e+00
2.831381539831889338e+00
2.838673661303967588e+00
2.845973254531156460e+00
2.853280316970989716e+00
2.860594846088947651e+00
2.867916839358419345e+00
2.875246294260672464e+00
2.882583208284810627e+00
2.889927578927748986e+00
2.897279403694168920e+00
2.904638680096494507e+00
2.912005405654850332e+00
2.919379577897030398e+00
2.926761194358464380e+00
2.934150252582186091e+00
2.941546750118799736e+00
2.948950684526441712e+00
2.956362053370758414e+00
2.963780854224859596e+00
2.971207084669297949e+00
2.978640742292033128e+00
2.986081824688396669e+00
2.993530329461062234e+00
3.000986254220013638e+00
3.008449596582514207e+00
3.015920354173077467e+00
3.023398524623429395e+00
3.030884105572481779e+00
3.038377094666301570e+00
3.045877489558080686e+00
3.053385287908104484e+00
3.060900487383719337e+00
3.068423085659305549e+00
3.075953080416247154e+00
3.083490469342897722e+00
3.091035250134561707e+00
3.098587420493450040e+00
3.106146978128662806e+00
3.113713920756154163e+00
3.121288246098704811e+00
3.128869951885894896e+00
3.136459035854072042e+00
3.144055495746325590e+00
3.151659329312454627e+00
3.159270534308946665e+00
3.166889108498944339e+00
3.174515049652217424e+00
3.182148355545134422e+00
3.189789023960639902e+00
3.197437052688224757e+00
3.205092439523897774e+00
3.212755182270154997e+00
3.220425278735961960e+00
3.228102726736719497e+00
3.235787524094238421e+00
3.243479668636718216e+00
3.251179158198711061e+00
3.258885990621104067e+00
3.266600163751088193e+00
3.274321675442136925e+00
3.282050523553976973e+00
3.289786705952559398e+00
3.297530220510043186e+00
3.305281065104761495e+00
3.313039237621203004e+00
3.320804735949979936e+00
3.328577557987808966e+00
3.336357701637483242e+00
3.344145164807845738e+00
3.351939945413774158e+00
3.359742041376143629e+00
3.367551450621810272e+00
3.375368171083587221e+00
3.383192200700215757e+00
3.391023537416344880e+00
3.398862179182508658e+00
3.406708123955100476e+00
3.414561369696348159e+00
3.422421914374292218e+00
3.430289755962764087e+00
3.438164892441359477e+00
3.446047321795421503e+00
3.453937042016005599e+00
3.461834051099875520e+00
3.469738347049457605e+00
3.477649927872840330e+00
3.485568791583735671e+00
3.493494936201468004e+00
3.501428359750940800e+00
3.509369060262624629e+00
3.517317035772533185e+00
3.525272284322194860e+00
3.533234803958634540e+00
3.541204592734358059e+00
3.549181648707323777e+00
3.557165969940919936e+00
3.565157554503950887e+00
3.573156400470606453e+00
3.581162505920449934e+00
3.589175868938390135e+00
3.597196487614664928e+00
3.605224360044817722e+00
3.613259484329678362e+00
3.621301858575341814e+00
3.629351480893148185e+00
3.637408349399663177e+00
3.645472462216654552e+00
3.653543817471077482e+00
3.661622413295045675e+00
3.669708247825824721e+00
3.677801319205801889e+00
3.685901625582465257e+00
3.694009165108391723e+00
3.702123935941222133e+00
3.710245936243644849e+00
3.718375164183375770e+00
3.726511617933135234e+00
3.734655295670634256e+00
3.742806195578551431e+00
3.750964315844518726e+00
3.759129654661096609e+00
3.767302210225761172e+00
3.775481980740881038e+00
3.783668964413696933e+00
3.791863159456314580e+00
3.800064564085670948e+00
3.808273176523528036e+00
3.816488994996449780e+00
3.824712017735777625e+00
3.832942242977629199e+00
3.841179668962863225e+00
3.849424293937071084e+00
3.857676116150556389e+00
3.865935133858316775e+00
3.874201345320029244e+00
3.882474748800026632e+00
3.890755342567290054e+00
3.899043124895420487e+00
3.907338094062624112e+00
3.915640248351709207e+00
3.923949586050046623e+00
3.932266105449567561e+00
3.940589804846743593e+00
3.948920682542564453e+00
3.957258736842534930e+00
3.965603966056642005e+00
3.973956368499347747e+00
3.982315942489569771e+00
3.990682686350664810e+00
3.999056598410416274e+00
4.007437677001012055e+00
4.015825920459033860e+00
4.024221327125435010e+00
4.032623895345530229e+00
4.041033623468974767e+00
4.049450509849753743e+00
4.057874552846163496e+00
4.066305750820794707e+00
4.074744102140517299e+00
4.083189605176466230e+00
4.091642258304028168e+00
4.100102059902820173e+00
4.108569008356678154e+00
4.117043102053639103e+00
4.125524339385932215e+00
4.134012718749955795e+00
4.142508238546263044e+00
4.151010897179556736e+00
4.159520693058663454e+00
4.168037624596518498e+00
4.176561690210160549e+00
4.185092888320711246e+00
4.193631217353357421e+00
4.202176675737340439e+00
4.210729261905946430e+00
4.219288974296479644e+00
4.227855811350260673e+00
4.236429771512600695e+00
4.245010853232794368e+00
4.253599054964110060e+00
4.262194375163764981e+00
4.270796812292915412e+00
4.279406364816647823e+00
4.288023031203955782e+00
4.296646809927731958e+00
4.305277699464757468e+00
4.313915698295680556e+00
4.322560804905005050e+00
4.331213017781081476e+00
4.339872335416086635e+00
4.348538756306021824e+00
4.357212278950679085e+00
4.365892901853647423e+00
4.374580623522293266e+00
4.383275442467742700e+00
4.391977357204871701e+00
4.400686366252298143e+00
4.409402468132359587e+00
4.418125661371099966e+00
4.426855944498273132e+00
4.435593316047308221e+00
4.444337774555307874e+00
4.453089318563039356e+00
4.461847946614911464e+00
4.470613657258968310e+00
4.479386449046880436e+00
4.488166320533919063e+00
4.496953270278961412e+00
4.505747296844459626e+00
4.514548398796445206e+00
4.523356574704507693e+00
4.532171823141781353e+00
4.540994142684938950e+00
4.549823531914170438e+00
4.558659989413186509e+00
4.567503513769188395e+00
4.576354103572869647e+00
4.585211757418393930e+00
4.594076473903394131e+00
4.602948251628950160e+00
4.611827089199585394e+00
4.620712985223248026e+00
4.629605938311301294e+00
4.638505947078515490e+00
4.647413010143058187e+00
4.656327126126474703e+00
4.665248293653680101e+00
4.674176511352945873e+00
4.683111777855899049e+00
4.692054091797496440e+00
4.701003451816021084e+00
4.709959856553072477e+00
4.718923304653550588e+00
4.727893794765646085e+00
4.736871325540833233e+00
4.745855895633856569e+00
4.754847503702711364e+00
4.763846148408650727e+00
4.772851828416158959e+00
4.781864542392947115e+00
4.790884289009944119e+00
4.799911066941281668e+00
4.808944874864283570e+00
4.817985711459457754e+00
4.827033575410490940e+00
4.836088465404221992e+00
4.845150380130650802e+00
4.854219318282912532e+00
4.863295278557272283e+00
4.872378259653124211e+00
4.881468260272966653e+00
4.890565279122393250e+00
4.899669314910096496e+00
4.908780366347844648e+00
4.917898432150475507e+00
4.927023511035887537e+00
4.936155601725026543e+00
4.945294702941875897e+00
4.954440813413453881e+00
4.963593931869795028e+00
4.972754057043946574e+00
4.981921187671948914e+00
4.991095322492839159e+00
5.000276460248631594e+00
5.009464599684312347e+00
5.018659739547826959e+00
5.027861878590074163e+00
5.037071015564892562e+00
5.046287149229052638e+00
5.055510278342252306e+00
5.064740401667099157e+00
5.073977517969102458e+00
5.083221626016666939e+00
5.092472724581085686e+00
5.101730812436526818e+00
5.110995888360021056e+00
5.120267951131460826e+00
5.129546999533585172e+00
5.138833032351969088e+00
5.148126048375024411e+00
5.157426046393977614e+00
5.166733025202869811e+00
5.176046983598542539e+00
5.185367920380632434e+00
5.194695834351564123e+00
5.204030724316533352e+00
5.213372589083506092e+00
5.222721427463204336e+00
5.232077238269101649e+00
5.241440020317414294e+00
5.250809772427084354e+00
5.260186493419785059e+00
5.269570182119897694e+00
5.278960837354512492e+00
5.288358457953422409e+00
5.297763042749100926e+00
5.307174590576709150e+00
5.316593100274074501e+00
5.326018570681693376e+00
5.335451000642714270e+00
5.344890389002936892e+00
5.354336734610793513e+00
