# mu
5.914181292684379088e+01
5.914712146886705568e+01
5.915241719569990408e+01
5.915770016885483074e+01
5.916297044940324668e+01
5.916822809797966443e+01
5.917347317478584046e+01
5.917870573959491765e+01
5.918392585175543275e+01
5.918913357019536647e+01
5.919432895342607992e+01
5.919951205954624385e+01
5.920468294624567562e+01
5.920984167080919747e+01
5.921498829012042364e+01
5.922012286066542686e+01
5.922524543853651835e+01
5.923035607943582903e+01
5.923545483867895456e+01
5.924054177119850806e+01
5.924561693154763731e+01
5.925068037390349218e+01
5.925573215207074185e+01
5.926077231948487878e+01
5.926580092921566489e+01
5.927081803397039295e+01
5.927582368609725449e+01
5.928081793758850893e+01
5.928580084008374484e+01
5.929077244487308462e+01
5.929573280290024684e+01
5.930068196476573661e+01
5.930561998072989383e+01
5.931054690071589164e+01
5.931546277431279179e+01
5.932036765077852181e+01
5.932526157904277397e+01
5.933014460770991860e+01
5.933501678506190302e+01
5.933987815906110086e+01
5.934472877735309737e+01
5.934956868726944634e+01
5.935439793583049806e+01
5.935921656974804250e+01
5.936402463542805208e+01
5.936882217897331060e+01
5.937360924618606361e+01
5.937838588257062611e+01
5.938315213333594045e+01
5.938790804339812013e+01
5.939265365738302194e+01
5.939738901962866180e+01
5.940211417418775852e+01
5.940682916483011411e+01
5.941153403504505803e+01
5.941622882804383465e+01
5.942091358676196222e+01
5.942558835386157767e+01
5.943025317173373878e+01
5.943490808250073343e+01
5.943955312801831070e+01
5.944418834987795464e+01
5.944881378940909400e+01
5.945342948768129787e+01
5.945803548550643569e+01
5.946263182344083731e+01
5.946721854178741751e+01
5.947179568059779342e+01
5.947636327967433090e+01
5.948092137857226191e+01
5.948547001660165989e+01
5.949000923282952868e+01
5.949453906608173526e+01
5.949905955494502052e+01
5.950357073776898176e+01
5.950807265266795554e+01
5.951256533752298594e+01
5.951704882998366486e+01
5.952152316747009309e+01
5.952598838717465668e+01
5.953044452606393122e+01
5.953489162088046527e+01
5.953932970549426074e+01
5.954375882147644461e+01
5.954817900228719196e+01
5.955259028379089870e+01
5.955699270163674441e+01
5.956138629126051143e+01
5.956577108788617636e+01
5.957014712652769362e+01
5.957451444199057278e+01
5.957887306887359102e+01
5.958322304157040605e+01
5.958756439427116192e+01
5.959189716096408773e+01
5.959622137543711773e+01
5.960053707127939049e+01
5.960484428188291872e+01
5.960914304044399614e+01
5.961343337996481040e+01
5.961771533325492811e+01
5.962198893293277990e+01
5.962625421142715965e+01
5.963051120097865265e+01
5.963475993364115624e+01
5.963900044128323685e+01
5.964323275558961512e+01
5.964745690806255141e+01
5.965167293002323134e+01
5.965588085261317275e+01
5.966008070679559694e+01
5.966427252335677167e+01
5.966845633290734696e+01
5.967263216588371222e+01
5.967680005254929654e+01
5.968096002299588321e+01
5.968511210714492421e+01
5.968925633474876946e+01
5.969339273539198132e+01
5.969752133849257802e+01
5.970164217330329848e+01
5.970575526891281015e+01
5.970986065424693834e+01
5.971395835806988117e+01
5.971804840898543176e+01
5.972213083543813639e+01
5.972620566571448819e+01
5.973027292794407828e+01
5.973433265010081072e+01
5.973838486000396131e+01
5.974242958531935699e+01
5.974646685356054832e+01
5.975049669208981129e+01
5.975451912811937660e+01
5.975853418871244571e+01
5.976254190078427797e+01
5.976654229110334171e+01
5.977053538629224505e+01
5.977452121282894382e+01
5.977849979704765104e+01
5.978247116513998094e+01
5.978643534315590102e+01
5.979039235700481214e+01
5.979434223245650770e+01
5.979828499514218265e+01
5.980222067055545665e+01
5.980614928405330488e+01
5.981007086085709545e+01
5.981398542605348467e+01
5.981789300459545444e+01
5.982179362130316491e+01
5.982568730086495634e+01
5.982957406783829413e+01
5.983345394665062855e+01
5.983732696160036824e+01
5.984119313685775410e+01
5.984505249646576885e+01
5.984890506434103230e+01
5.985275086427466817e+01
5.985658991993321365e+01
5.986042225485945778e+01
5.986424789247328704e+01
5.986806685607258771e+01
5.987187916883404171e+01
5.987568485381400762e+01
5.987948393394931657e+01
5.988327643205812478e+01
5.988706237084069528e+01
5.989084177288026467e+01
5.989461466064375372e+01
5.989838105648268396e+01
5.990214098263385267e+01
5.990589446122018558e+01
5.990964151425148998e+01
5.991338216362523639e+01
5.991711643112730457e+01
5.992084433843271540e+01
5.992456590710646225e+01
5.992828115860417171e+01
5.993199011427288525e+01
5.993569279535176975e+01
5.993938922297285643e+01
5.994307941816175145e+01
5.994676340183834640e+01
5.995044119481752887e+01
5.995411281780990009e+01
5.995777829142244997e+01
5.996143763615921785e+01
5.996509087242206704e+01
5.996873802051125324e+01
5.997237910062616351e+01
5.997601413286598415e+01
5.997964313723031182e+01
5.998326613361989956e+01
5.998688314183718262e+01
5.999049418158703872e+01
5.999409927247735652e+01
5.999769843401972480e+01
6.000129168563000093e+01
6.000487904662897876e+01
6.000846053624298548e+01
6.001203617360452824e+01
6.001560597775284833e+01
6.001916996763459622e+01
6.002272816210435025e+01
6.002628057992530586e+01
6.002982723976975876e+01
6.003336816021976574e+01
6.003690335976771308e+01
6.004043285681687081e+01
6.004395666968198242e+01
6.004747481658982622e+01
6.005098731567975534e+01
6.005449418500430170e+01
6.005799544252969469e+01
6.006149110613639408e+01
6.006498119361970822e+01
6.006846572269024165e+01
6.007194471097448485e+01
6.007541817601533296e+01
6.007888613527261867e+01
6.008234860612362382e+01
6.008580560586362651e+01
6.008925715170637005e+01
6.009270326078460300e+01
6.009614395015059785e+01
6.009957923677661995e+01
6.010300913755545338e+01
6.010643366930089115e+01
6.010985284874821133e+01
6.011326669255470989e+01
6.011667521730009867e+01
6.012007843948705954e+01
6.012347637554173474e+01
6.012686904181412473e+01
6.013025645457857848e+01
6.013363863003432641e+01
6.013701558430586402e+01
6.014038733344344223e+01
6.014375389342351497e+01
6.014711528014920106e+01
6.015047150945073184e+01
6.015382259708584911e+01
6.015716855874035218e+01
6.016050941002841768e+01
6.016384516649309688e+01
6.016717584360674209e+01
6.017050145677141870e+01
6.017382202131935287e+01
6.017713755251333652e+01
6.018044806554711812e+01
6.018375357554590011e+01
6.018705409756665858e+01
6.019034964659861231e+01
6.019364023756358506e+01
6.019692588531646038e+01
6.020020660464553686e+01
6.020348241027294023e+01
6.020675331685502130e+01
6.021001933898274672e+01
6.021328049118208980e+01
6.021653678791437869e+01
6.021978824357675819e+01
6.022303487250247400e+01
6.022627668896133457e+01
6.022951370716001662e+01
6.023274594124248438e+01
6.023597340529033062e+01
6.023919611332316748e+01
6.024241407929895331e+01
6.024562731711439056e+01
6.024883584060523845e+01
6.025203966354675345e+01
6.025523879965393803e+01
6.025843326258193855e+01
6.026162306592640761e+01
6.026480822322383091e+01
6.026798874795187544e+01
6.027116465352972341e+01
6.027433595331839911e+01
6.027750266062115259e+01
6.028066478868370837e+01
6.028382235069468464e+01
6.028697535978587752e+01
6.029012382903256650e+01
6.029326777145388405e+01
6.029640720001311394e+01
6.029954212761800392e+01
6.030267256712107837e+01
6.030579853131999357e+01
6.030892003295778636e+01
6.031203708472323655e+01
6.031514969925115111e+01
6.031825788912266262e+01
6.032136166686556322e+01
6.032446104495457462e+01
6.032755603581164650e+01
6.033064665180627628e+01
6.033373290525580046e+01
6.033681480842565747e+01
6.033989237352972168e+01
6.034296561273055914e+01
6.034603453813973317e+01
6.034909916181807432e+01
6.035215949577596461e+01
6.035521555197363597e+01
6.035826734232144020e+01
6.036131487868009060e+01
6.036435817286103145e+01
6.036739723662656587e+01
6.037043208169028219e+01
6.037346271971720313e+01
6.037648916232411977e+01
6.037951142107984737e+01
6.038252950750544557e+01
6.038554343307455952e+01
6.038855320921358327e+01
6.039155884730202217e+01
6.039456035867264205e+01
6.039755775461182452e+01
6.040055104635975169e+01
6.040354024511068332e+01
6.040652536201320544e+01
6.040950640817046491e+01
6.041248339464044648e+01
6.041545633243618596e+01
6.041842523252601893e+01
6.042139010583384362e+01
6.042435096323933408e+01
6.042730781557818887e+01
6.043026067364236553e+01
6.043320954818033641e+01
6.043615444989727337e+01
6.043909538945533910e+01
6.044203237747387902e+01
6.044496542452962728e+01
6.044789454115701233e+01
6.045081973784832030e+01
6.045374102505391534e+01
6.045665841318250955e+01
6.045957191260132646e+01
6.046248153363638522e+01
6.046538728657264983e+01
6.046828918165429911e+01
6.047118722908493993e+01
6.047408143902772792e+01
6.047697182160577256e+01
6.047985838690215132e+01
6.048274114496020104e+01
6.048562010578377368e+01
6.048849527933733583e+01
6.049136667554630264e+01
6.049423430429710891e+01
6.049709817543750745e+01
6.049995829877674680e+01
6.050281468408574881e+01
6.050566734109732181e+01
6.050851627950636669e+01
6.051136150897009003e+01
6.051420303910812493e+01
6.051704087950282940e+01
6.051987503969937876e+01
6.052270552920604985e+01
6.052553235749434180e+01
6.052835553399917501e+01
6.053117506811912563e+01
6.053399096921655342e+01
6.053680324661782919e+01
6.053961190961349814e+01
6.054241696745846468e+01
6.054521842937218423e+01
6.054801630453883377e+01
6.055081060210748234e+01
6.055360133119231136e+01
6.055638850087274960e+01
6.055917212019364371e+01
6.056195219816548558e+01
6.056472874376451188e+01
6.056750176593295976e+01
6.057027127357918062e+01
6.057303727557781770e+01
6.057579978076998373e+01
6.057855879796345278e+01
6.058131433593278814e+01
6.058406640341951999e+01
6.058681500913236562e+01
6.058956016174725789e+01
6.059230186990766498e+01
6.059504014222467561e+01
6.059777498727716250e+01
6.060050641361191737e+01
6.060323442974387831e+01
6.060595904415625057e+01
6.060868026530064867e+01
6.061139810159727404e+01
6.061411256143507842e+01
6.061682365317187760e+01
6.061953138513457162e+01
6.062223576561920879e+01
6.062493680289124143e+01
6.062763450518556851e+01
6.063032888070677018e+01
6.063301993762923559e+01
6.063570768409726242e+01
6.063839212822529134e+01
6.064107327809794157e+01
6.064375114177028792e+01
6.064642572726786085e+01
6.064909704258693779e+01
6.065176509569453600e+01
6.065442989452869682e+01
6.065709144699852828e+01
6.065974976098436855e+01
6.066240484433794222e+01
6.066505670488251667e+01
6.066770535041295176e+01
6.067035078869595566e+01
6.067299302747014167e+01
6.067563207444614903e+01
6.067826793730689872e+01
6.068090062370753657e+01
6.068353014127574596e+01
6.068615649761176201e+01
6.068877970028856339e+01
6.069139975685197896e+01
6.069401667482081564e+01
6.069663046168699339e+01
6.069924112491568735e+01
6.070184867194540601e+01
6.070445311018819723e+01
6.070705444702970510e+01
6.070965268982929075e+01
6.071224784592024548e+01
6.071483992260980500e+01
6.071742892717931284e+01
6.072001486688441929e+01
6.072259774895506013e+01
6.072517758059565551e+01
6.072775436898526635e+01
6.073032812127764402e+01
6.073289884460138666e+01
6.073546654606003870e+01
6.073803123273221161e+01
6.074059291167171892e+01
6.074315158990766150e+01
6.074570727444458385e+01
6.074825997226253804e+01
6.075080969031721878e+01
6.075335643554011966e+01
6.075590021483856873e+01
6.075844103509588479e+01
6.076097890317151240e+01
6.076351382590104322e+01
6.076604581009642914e+01
6.076857486254605334e+01
6.077110099001478716e+01
6.077362419924420323e+01
6.077614449695255416e+01
6.077866188983499995e+01
6.078117638456365057e+01
6.078368798778767967e+01
6.078619670613343118e+01
6.078870254620450453e+01
6.079120551458191812e+01
6.079370561782415194e+01
6.079620286246726835e+01
6.079869725502503286e+01
6.080118880198897813e+01
6.080367750982856023e+01
6.080616338499117290e+01
6.080864643390234647e+01
6.081112666296577629e+01
6.081360407856345773e+01
6.081607868705576436e+01
6.081855049478154740e+01
6.082101950805824941e+01
6.082348573318198248e+01
6.082594917642760635e+01
6.082840984404889895e+01
6.083086774227856353e+01
6.083332287732836363e+01
6.083577525538922259e+01
6.083822488263128747e+01
6.084067176520405695e+01
6.084311590923646662e+01
6.084555732083693158e+01
6.084799600609350279e+01
6.085043197107396651e+01
6.085286522182582303e+01
6.085529576437651400e+01
6.085772360473342246e+01
6.086014874888400072e+01
6.086257120279583432e+01
6.086499097241676992e+01
6.086740806367492951e+01
6.086982248247889515e+01
6.087223423471768768e+01
6.087464332626096564e+01
6.087704976295900394e+01
6.087945355064285735e+01
