# z
5.011999999999999886e+02
5.023999999999999773e+02
5.035999999999999659e+02
5.048000000000000114e+02
5.060000000000000000e+02
5.071999999999999886e+02
5.083999999999999773e+02
5.095999999999999659e+02
5.108000000000000114e+02
5.120000000000000000e+02
5.132000000000000455e+02
5.143999999999999773e+02
5.156000000000000227e+02
5.167999999999999545e+02
5.180000000000000000e+02
5.192000000000000455e+02
5.203999999999999773e+02
5.216000000000000227e+02
5.227999999999999545e+02
5.240000000000000000e+02
5.252000000000000455e+02
5.263999999999999773e+02
5.276000000000000227e+02
5.287999999999999545e+02
5.300000000000000000e+02
5.312000000000000455e+02
5.323999999999999773e+02
5.336000000000000227e+02
5.347999999999999545e+02
5.360000000000000000e+02
5.372000000000000455e+02
5.383999999999999773e+02
5.396000000000000227e+02
5.407999999999999545e+02
5.420000000000000000e+02
5.432000000000000455e+02
5.443999999999999773e+02
5.456000000000000227e+02
5.467999999999999545e+02
5.480000000000000000e+02
5.492000000000000455e+02
5.503999999999999773e+02
5.516000000000000227e+02
5.527999999999999545e+02
5.540000000000000000e+02
5.552000000000000455e+02
5.563999999999999773e+02
5.576000000000000227e+02
5.587999999999999545e+02
5.600000000000000000e+02
5.612000000000000455e+02
5.623999999999999773e+02
5.636000000000000227e+02
5.647999999999999545e+02
5.660000000000000000e+02
5.672000000000000455e+02
5.683999999999999773e+02
5.696000000000000227e+02
5.707999999999999545e+02
5.720000000000000000e+02
5.732000000000000455e+02
5.743999999999999773e+02
5.756000000000000227e+02
5.767999999999999545e+02
5.780000000000000000e+02
5.792000000000000455e+02
5.803999999999999773e+02
5.816000000000000227e+02
5.827999999999999545e+02
5.840000000000000000e+02
5.852000000000000455e+02
5.863999999999999773e+02
5.876000000000000227e+02
5.887999999999999545e+02
5.900000000000000000e+02
5.912000000000000455e+02
5.923999999999999773e+02
5.936000000000000227e+02
5.947999999999999545e+02
5.960000000000000000e+02
5.972000000000000455e+02
5.983999999999999773e+02
5.996000000000000227e+02
6.007999999999999545e+02
6.020000000000000000e+02
6.032000000000000455e+02
6.043999999999999773e+02
6.056000000000000227e+02
6.067999999999999545e+02
6.080000000000000000e+02
6.092000000000000455e+02
6.103999999999999773e+02
6.116000000000000227e+02
6.127999999999999545e+02
6.140000000000000000e+02
6.152000000000000455e+02
6.163999999999999773e+02
6.176000000000000227e+02
6.187999999999999545e+02
6.200000000000000000e+02
6.212000000000000455e+02
6.223999999999999773e+02
6.236000000000000227e+02
6.247999999999999545e+02
6.260000000000000000e+02
6.272000000000000455e+02
6.283999999999999773e+02
6.296000000000000227e+02
6.307999999999999545e+02
6.320000000000000000e+02
6.332000000000000455e+02
6.343999999999999773e+02
6.356000000000000227e+02
6.367999999999999545e+02
6.380000000000000000e+02
6.392000000000000455e+02
6.403999999999999773e+02
6.416000000000000227e+02
6.427999999999999545e+02
6.440000000000000000e+02
6.452000000000000455e+02
6.463999999999999773e+02
6.476000000000000227e+02
6.487999999999999545e+02
6.500000000000000000e+02
6.512000000000000455e+02
6.523999999999999773e+02
6.536000000000000227e+02
6.547999999999999545e+02
6.560000000000000000e+02
6.572000000000000455e+02
6.583999999999999773e+02
6.596000000000000227e+02
6.607999999999999545e+02
6.620000000000000000e+02
6.632000000000000455e+02
6.643999999999999773e+02
6.656000000000000227e+02
6.667999999999999545e+02
6.680000000000000000e+02
6.692000000000000455e+02
6.703999999999999773e+02
6.716000000000000227e+02
6.727999999999999545e+02
6.740000000000000000e+02
6.752000000000000455e+02
6.763999999999999773e+02
6.776000000000000227e+02
6.787999999999999545e+02
6.800000000000000000e+02
6.812000000000000455e+02
6.823999999999999773e+02
6.836000000000000227e+02
6.847999999999999545e+02
6.860000000000000000e+02
6.872000000000000455e+02
6.883999999999999773e+02
6.896000000000000227e+02
6.907999999999999545e+02
6.920000000000000000e+02
6.932000000000000455e+02
6.943999999999999773e+02
6.956000000000000227e+02
6.967999999999999545e+02
6.980000000000000000e+02
6.992000000000000455e+02
7.003999999999999773e+02
7.016000000000000227e+02
7.027999999999999545e+02
7.040000000000000000e+02
7.052000000000000455e+02
7.063999999999999773e+02
7.076000000000000227e+02
7.087999999999999545e+02
7.100000000000000000e+02
7.112000000000000455e+02
7.123999999999999773e+02
7.136000000000000227e+02
7.147999999999999545e+02
7.160000000000000000e+02
7.172000000000000455e+02
7.183999999999999773e+02
7.196000000000000227e+02
7.207999999999999545e+02
7.220000000000000000e+02
7.232000000000000455e+02
7.243999999999999773e+02
7.256000000000000227e+02
7.267999999999999545e+02
7.280000000000000000e+02
7.292000000000000455e+02
7.303999999999999773e+02
7.315999999999999091e+02
7.327999999999999545e+02
7.340000000000000000e+02
7.352000000000000455e+02
7.363999999999999773e+02
7.375999999999999091e+02
7.387999999999999545e+02
7.400000000000000000e+02
7.412000000000000455e+02
7.423999999999999773e+02
7.435999999999999091e+02
7.447999999999999545e+02
7.460000000000000000e+02
7.472000000000000455e+02
7.483999999999999773e+02
7.495999999999999091e+02
7.507999999999999545e+02
7.520000000000000000e+02
7.532000000000000455e+02
7.543999999999999773e+02
7.555999999999999091e+02
7.567999999999999545e+02
7.580000000000000000e+02
7.592000000000000455e+02
7.603999999999999773e+02
7.615999999999999091e+02
7.627999999999999545e+02
7.640000000000000000e+02
7.652000000000000455e+02
7.663999999999999773e+02
7.675999999999999091e+02
7.687999999999999545e+02
7.700000000000000000e+02
7.712000000000000455e+02
7.723999999999999773e+02
7.735999999999999091e+02
7.747999999999999545e+02
7.760000000000000000e+02
7.772000000000000455e+02
7.783999999999999773e+02
7.795999999999999091e+02
7.807999999999999545e+02
7.820000000000000000e+02
7.832000000000000455e+02
7.843999999999999773e+02
7.855999999999999091e+02
7.867999999999999545e+02
7.880000000000000000e+02
7.892000000000000455e+02
7.903999999999999773e+02
7.915999999999999091e+02
7.927999999999999545e+02
7.940000000000000000e+02
7.952000000000000455e+02
7.963999999999999773e+02
7.975999999999999091e+02
7.987999999999999545e+02
8.000000000000000000e+02
8.012000000000000455e+02
8.023999999999999773e+02
8.035999999999999091e+02
8.047999999999999545e+02
8.060000000000000000e+02
8.072000000000000455e+02
8.083999999999999773e+02
8.095999999999999091e+02
8.107999999999999545e+02
8.120000000000000000e+02
8.132000000000000455e+02
8.143999999999999773e+02
8.155999999999999091e+02
8.167999999999999545e+02
8.180000000000000000e+02
8.192000000000000455e+02
8.203999999999999773e+02
8.215999999999999091e+02
8.227999999999999545e+02
8.240000000000000000e+02
8.252000000000000455e+02
8.263999999999999773e+02
8.275999999999999091e+02
8.287999999999999545e+02
8.300000000000000000e+02
8.312000000000000455e+02
8.323999999999999773e+02
8.335999999999999091e+02
8.347999999999999545e+02
8.360000000000000000e+02
8.372000000000000455e+02
8.383999999999999773e+02
8.395999999999999091e+02
8.407999999999999545e+02
8.420000000000000000e+02
8.432000000000000455e+02
8.443999999999999773e+02
8.455999999999999091e+02
8.467999999999999545e+02
8.480000000000000000e+02
8.492000000000000455e+02
8.503999999999999773e+02
8.515999999999999091e+02
8.527999999999999545e+02
8.540000000000000000e+02
8.552000000000000455e+02
8.563999999999999773e+02
8.575999999999999091e+02
8.587999999999999545e+02
8.600000000000000000e+02
8.612000000000000455e+02
8.623999999999999773e+02
8.635999999999999091e+02
8.647999999999999545e+02
8.660000000000000000e+02
8.672000000000000455e+02
8.683999999999999773e+02
8.695999999999999091e+02
8.707999999999999545e+02
8.720000000000000000e+02
8.732000000000000455e+02
8.743999999999999773e+02
8.755999999999999091e+02
8.767999999999999545e+02
8.780000000000000000e+02
8.792000000000000455e+02
8.803999999999999773e+02
8.815999999999999091e+02
8.827999999999999545e+02
8.840000000000000000e+02
8.852000000000000455e+02
8.863999999999999773e+02
8.875999999999999091e+02
8.887999999999999545e+02
8.900000000000000000e+02
8.912000000000000455e+02
8.923999999999999773e+02
8.935999999999999091e+02
8.947999999999999545e+02
8.960000000000000000e+02
8.972000000000000455e+02
8.983999999999999773e+02
8.995999999999999091e+02
9.007999999999999545e+02
9.020000000000000000e+02
9.032000000000000455e+02
9.043999999999999773e+02
9.055999999999999091e+02
9.067999999999999545e+02
9.080000000000000000e+02
9.092000000000000455e+02
9.103999999999999773e+02
9.115999999999999091e+02
9.127999999999999545e+02
9.140000000000000000e+02
9.152000000000000455e+02
9.163999999999999773e+02
9.175999999999999091e+02
9.187999999999999545e+02
9.200000000000000000e+02
9.212000000000000455e+02
9.223999999999999773e+02
9.235999999999999091e+02
9.247999999999999545e+02
9.260000000000000000e+02
9.272000000000000455e+02
9.283999999999999773e+02
9.295999999999999091e+02
9.307999999999999545e+02
9.320000000000000000e+02
9.332000000000000455e+02
9.343999999999999773e+02
9.355999999999999091e+02
9.367999999999999545e+02
9.380000000000000000e+02
9.392000000000000455e+02
9.403999999999999773e+02
9.415999999999999091e+02
9.427999999999999545e+02
9.440000000000000000e+02
9.452000000000000455e+02
9.463999999999999773e+02
9.475999999999999091e+02
9.487999999999999545e+02
9.500000000000000000e+02
9.512000000000000455e+02
9.523999999999999773e+02
9.535999999999999091e+02
9.547999999999999545e+02
9.560000000000000000e+02
9.572000000000000455e+02
9.583999999999999773e+02
9.595999999999999091e+02
9.607999999999999545e+02
9.620000000000000000e+02
9.632000000000000455e+02
9.643999999999999773e+02
9.655999999999999091e+02
9.667999999999999545e+02
9.680000000000000000e+02
9.692000000000000455e+02
9.703999999999999773e+02
9.715999999999999091e+02
9.727999999999999545e+02
9.740000000000000000e+02
9.752000000000000455e+02
9.763999999999999773e+02
9.775999999999999091e+02
9.787999999999999545e+02
9.800000000000000000e+02
9.812000000000000455e+02
9.823999999999999773e+02
9.835999999999999091e+02
9.847999999999999545e+02
9.860000000000000000e+02
9.872000000000000455e+02
9.883999999999999773e+02
9.895999999999999091e+02
9.907999999999999545e+02
9.920000000000000000e+02
9.932000000000000455e+02
9.943999999999999773e+02
9.955999999999999091e+02
9.967999999999999545e+02
9.980000000000000000e+02
9.992000000000000455e+02
1.000399999999999977e+03
1.001599999999999909e+03
1.002799999999999955e+03
1.004000000000000000e+03
1.005200000000000045e+03
1.006399999999999977e+03
1.007599999999999909e+03
1.008799999999999955e+03
1.010000000000000000e+03
1.011200000000000045e+03
1.012399999999999977e+03
1.013599999999999909e+03
1.014799999999999955e+03
1.016000000000000000e+03
1.017200000000000045e+03
1.018399999999999864e+03
1.019599999999999909e+03
1.020799999999999955e+03
1.022000000000000000e+03
1.023200000000000045e+03
1.024399999999999864e+03
1.025599999999999909e+03
1.026799999999999955e+03
1.028000000000000000e+03
1.029200000000000045e+03
1.030399999999999864e+03
1.031599999999999909e+03
1.032799999999999955e+03
1.034000000000000000e+03
1.035200000000000045e+03
1.036399999999999864e+03
1.037599999999999909e+03
1.038799999999999955e+03
1.040000000000000000e+03
1.041200000000000045e+03
1.042399999999999864e+03
1.043599999999999909e+03
1.044799999999999955e+03
1.046000000000000000e+03
1.047200000000000045e+03
1.048399999999999864e+03
1.049599999999999909e+03
1.050799999999999955e+03
1.052000000000000000e+03
1.053200000000000045e+03
1.054399999999999864e+03
1.055599999999999909e+03
1.056799999999999955e+03
1.058000000000000000e+03
1.059200000000000045e+03
1.060399999999999864e+03
1.061599999999999909e+03
1.062799999999999955e+03
1.064000000000000000e+03
1.065200000000000045e+03
1.066399999999999864e+03
1.067599999999999909e+03
1.068799999999999955e+03
1.070000000000000000e+03
1.071200000000000045e+03
1.072399999999999864e+03
1.073599999999999909e+03
1.074799999999999955e+03
1.076000000000000000e+03
1.077200000000000045e+03
1.078399999999999864e+03
1.079599999999999909e+03
1.080799999999999955e+03
1.082000000000000000e+03
1.083200000000000045e+03
1.084399999999999864e+03
1.085599999999999909e+03
1.086799999999999955e+03
1.088000000000000000e+03
1.089200000000000045e+03
1.090399999999999864e+03
1.091599999999999909e+03
1.092799999999999955e+03
1.094000000000000000e+03
1.095200000000000045e+03
1.096399999999999864e+03
1.097599999999999909e+03
1.098799999999999955e+03
1.100000000000000000e+03
