# d_z
1.991238545385431470e-03
1.986491850448776891e-03
1.981767731944185547e-03
1.977066029185313434e-03
1.972386583007108320e-03
1.967729235747846250e-03
1.963093831231426528e-03
1.958480214749915189e-03
1.953888233046328308e-03
1.949317734297669651e-03
1.944768568098191467e-03
1.940240585442897913e-03
1.935733638711276388e-03
1.931247581651255891e-03
1.926782269363383525e-03
1.922337558285226733e-03
1.917913306175987815e-03
1.913509372101324666e-03
1.909125616418393991e-03
1.904761900761084252e-03
1.900418088025461775e-03
1.896094042355409405e-03
1.891789629128464009e-03
1.887504714941845877e-03
1.883239167598673965e-03
1.878992856094374763e-03
1.874765650603267900e-03
1.870557422465334756e-03
1.866368044173167271e-03
1.862197389359087187e-03
1.858045332782442237e-03
1.853911750317068863e-03
1.849796518938921254e-03
1.845699516713867998e-03
1.841620622785649416e-03
1.837559717363991237e-03
1.833516681712880902e-03
1.829491398138990456e-03
1.825483749980261194e-03
1.821493621594628401e-03
1.817520898348902198e-03
1.813565466607787186e-03
1.809627213723046706e-03
1.805706028022811957e-03
1.801801798801022734e-03
1.797914416307013884e-03
1.794043771735225360e-03
1.790189757215055171e-03
1.786352265800836801e-03
1.782531191461945433e-03
1.778726429073042943e-03
1.774937874404417665e-03
1.771165424112471380e-03
1.767408975730336632e-03
1.763668427658586415e-03
1.759943679156081341e-03
1.756234630330921320e-03
1.752541182131516287e-03
1.748863236337768823e-03
1.745200695552368659e-03
1.741553463192193219e-03
1.737921443479819618e-03
1.734304541435137490e-03
1.730702662867074360e-03
1.727115714365413382e-03
1.723543603292724278e-03
1.719986237776383606e-03
1.716443526700699119e-03
1.712915379699133647e-03
1.709401707146616586e-03
1.705902420151958173e-03
1.702417430550352438e-03
1.698946650895972544e-03
1.695489994454655019e-03
1.692047375196678105e-03
1.688618707789622505e-03
1.685203907591319725e-03
1.681802890642889120e-03
1.678415573661856675e-03
1.675041874035354018e-03
1.671681709813405917e-03
1.668334999702294520e-03
1.665001663057998418e-03
1.661681619879721477e-03
1.658374790803489101e-03
1.655081097095824306e-03
1.651800460647501190e-03
1.648532803967366935e-03
1.645278050176244471e-03
1.642036123000898242e-03
1.638806946768081065e-03
1.635590446398642794e-03
1.632386547401712493e-03
1.629195175868949994e-03
1.626016258468856654e-03
1.622849722441166778e-03
1.619695495591289567e-03
1.616553506284826303e-03
1.613423683442145873e-03
1.610305956533024038e-03
1.607200255571346889e-03
1.604106511109874150e-03
1.601024654235060811e-03
1.597954616561941647e-03
1.594896330229072330e-03
1.591849727893530388e-03
1.588814742725971245e-03
1.585791308405741073e-03
1.582779359116047316e-03
1.579778829539181051e-03
1.576789654851798103e-03
1.573811770720248086e-03
1.570845113295959170e-03
1.567889619210876846e-03
1.564945225572950387e-03
1.562011869961671580e-03
1.559089490423665484e-03
1.556178025468325007e-03
1.553277414063503363e-03
1.550387595631244056e-03
1.547508510043567884e-03
1.544640097618299847e-03
1.541782299114947226e-03
1.538935055730617993e-03
1.536098309095992572e-03
1.533272001271330284e-03
1.530456074742528273e-03
1.527650472417217079e-03
1.524855137620905214e-03
1.522070014093159515e-03
1.519295045983834512e-03
1.516530177849336695e-03
1.513775354648931506e-03
1.511030521741093050e-03
1.508295624879888710e-03
1.505570610211408875e-03
1.502855424270229182e-03
1.500150013975914401e-03
1.497454326629560697e-03
1.494768309910372373e-03
1.492091911872277851e-03
1.489425080940581011e-03
1.486767765908645700e-03
1.484119915934622091e-03
1.481481480538203400e-03
1.478852409597413396e-03
1.476232653345439664e-03
1.473622162367487247e-03
1.471020887597675447e-03
1.468428780315961290e-03
1.465845792145100508e-03
1.463271875047634542e-03
1.460706981322915056e-03
1.458151063604157076e-03
1.455604074855522054e-03
1.453065968369232587e-03
1.450536697762719448e-03
1.448016216975792038e-03
1.445504480267846559e-03
1.443001442215096752e-03
1.440507057707835414e-03
1.438021281947726932e-03
1.435544070445121494e-03
1.433075379016404650e-03
1.430615163781367256e-03
1.428163381160608590e-03
1.425719987872961156e-03
1.423284940932943677e-03
1.420858197648240976e-03
1.418439715617209875e-03
1.416029452726408734e-03
1.413627367148151924e-03
1.411233417338091621e-03
1.408847562032822373e-03
1.406469760247510596e-03
1.404099971273546632e-03
1.401738154676222814e-03
1.399384270292433445e-03
1.397038278228397755e-03
1.394700138857404978e-03
1.392369812817587180e-03
1.390047261009705326e-03
1.387732444594965689e-03
1.385425324992855135e-03
1.383125863878994621e-03
1.380834023183021746e-03
1.378549765086485232e-03
1.376273052020766940e-03
1.374003846665023407e-03
1.371742111944143205e-03
1.369487811026730544e-03
1.367240907323105572e-03
1.365001364483323532e-03
1.362769146395215181e-03
1.360544217182446279e-03
1.358326541202595737e-03
1.356116083045250673e-03
1.353912807530122499e-03
1.351716679705181230e-03
1.349527664844807568e-03
1.347345728447960815e-03
1.345170836236368045e-03
1.343002954152727356e-03
1.340842048358931084e-03
1.338688085234306146e-03
1.336541031373869115e-03
1.334400853586599099e-03
1.332267518893728592e-03
1.330140994527047793e-03
1.328021247927229070e-03
1.325908246742163584e-03
1.323801958825316337e-03
1.321702352234094225e-03
1.319609395228233620e-03
1.317523056268199433e-03
1.315443304013601527e-03
1.313370107321624796e-03
1.311303435245475503e-03
1.309243257032839539e-03
1.307189542124359560e-03
1.305142260152124473e-03
1.303101380938167814e-03
1.301066874492990419e-03
1.299038711014087856e-03
1.297016860884497597e-03
1.295001294671355944e-03
1.292991983124470784e-03
1.290988897174904972e-03
1.288992007933576194e-03
1.287001286689867015e-03
1.285016704910250116e-03
1.283038234236924145e-03
1.281065846486462807e-03
1.279099513648476521e-03
1.277139207884288395e-03
1.275184901525617349e-03
1.273236567073279249e-03
1.271294177195894746e-03
1.269357704728612960e-03
1.267427122671844044e-03
1.265502404190005847e-03
1.263583522610277950e-03
1.261670451421371963e-03
1.259763164272308545e-03
1.257861634971210035e-03
1.255965837484099377e-03
1.254075745933713130e-03
1.252191334598322511e-03
1.250312577910568526e-03
1.248439450456304911e-03
1.246571926973451911e-03
1.244709982350860906e-03
1.242853591627188789e-03
1.241002729989780810e-03
1.239157372773570104e-03
1.237317495459976579e-03
1.235483073675823365e-03
1.233654083192260199e-03
1.231830499923696788e-03
1.230012299926746579e-03
1.228199459399176600e-03
1.226391954678871183e-03
1.224589762242799798e-03
1.222792858705999859e-03
1.221001220820562127e-03
1.219214825474630205e-03
1.217433649691406113e-03
1.215657670628164308e-03
1.213886865575276993e-03
1.212121211955243969e-03
1.210360687321735719e-03
1.208605269358639092e-03
1.206854935879117519e-03
1.205109664824673609e-03
1.203369434264224113e-03
1.201634222393181163e-03
1.199904007532541332e-03
1.198178768127981840e-03
1.196458482748966956e-03
1.194743130087860036e-03
1.193032688959044666e-03
1.191327138298049716e-03
1.189626457160688697e-03
1.187930624722198470e-03
1.186239620276392272e-03
1.184553423234814681e-03
1.182872013125908957e-03
1.181195369594184369e-03
1.179523472399398492e-03
1.177856301415741453e-03
1.176193836631027768e-03
1.174536058145896197e-03
1.172882946173015896e-03
1.171234481036298632e-03
1.169590643170118809e-03
1.167951413118538699e-03
1.166316771534541257e-03
1.164686699179268582e-03
1.163061176921267956e-03
1.161440185735742236e-03
1.159823706703808684e-03
1.158211721011762800e-03
1.156604209950346917e-03
1.155001154914029422e-03
1.153402537400283548e-03
1.151808339008876785e-03
1.150218541441167235e-03
1.148633126499399746e-03
1.147052076086013759e-03
1.145475372202954404e-03
1.143902996950988587e-03
1.142334932529029748e-03
1.140771161233463489e-03
1.139211665457483171e-03
1.137656427690428556e-03
1.136105430517130510e-03
1.134558656617260484e-03
1.133016088764686284e-03
1.131477709826832385e-03
1.129943502764046113e-03
1.128413450628967286e-03
1.126887536565906100e-03
1.125365743810221881e-03
1.123848055687711378e-03
1.122334455613998357e-03
1.120824927093928619e-03
1.119319453720974767e-03
1.117818019176636431e-03
1.116320607229854362e-03
1.114827201736424316e-03
1.113337786638417433e-03
1.111852345963603881e-03
1.110370863824882781e-03
1.108893324419714301e-03
1.107419712029559340e-03
1.105950011019322032e-03
1.104484205836796587e-03
1.103022281012116948e-03
1.101564221157215560e-03
1.100110010965281698e-03
1.098659635210225225e-03
1.097213078746147718e-03
1.095770326506811856e-03
1.094331363505121222e-03
1.092896174832599888e-03
1.091464745658878065e-03
1.090037061231180797e-03
1.088613106873821635e-03
1.087192867987699573e-03
1.085776330049799442e-03
1.084363478612699249e-03
1.082954299304075786e-03
1.081548777826219334e-03
1.080146899955549463e-03
1.078748651542134947e-03
1.077354018509219533e-03
1.075962986852746842e-03
1.074575542640892863e-03
1.073191672013601265e-03
1.071811361182121308e-03
1.070434596428550527e-03
1.069061364105378933e-03
1.067691650635039938e-03
1.066325442509460627e-03
1.064962726289620486e-03
1.063603488605107533e-03
1.062247716153683552e-03
1.060895395700849975e-03
1.059546514079415074e-03
1.058201058189068948e-03
1.056859014995958522e-03
1.055520371532266653e-03
1.054185114895794936e-03
1.052853232249547147e-03
1.051524710821321370e-03
1.050199537903299084e-03
1.048877700851640754e-03
1.047559187086083161e-03
1.046243984089541496e-03
1.044932079407712329e-03
1.043623460648680692e-03
1.042318115482529766e-03
1.041016031640954256e-03
1.039717196916875282e-03
1.038421599164058955e-03
1.037129226296739076e-03
1.035840066289238750e-03
1.034554107175600021e-03
1.033271337049211777e-03
1.031991744062444151e-03
1.030715316426281634e-03
1.029442042409961814e-03
1.028171910340617374e-03
1.026904908602917221e-03
1.025641025638713687e-03
1.024380249946691464e-03
1.023122570082016973e-03
1.021867974655993588e-03
1.020616452335718375e-03
1.019367991843738623e-03
1.018122581957714434e-03
1.016880211510083707e-03
1.015640869387725385e-03
1.014404544531631158e-03
1.013171225936574781e-03
1.011940902650784865e-03
1.010713563775623297e-03
1.009489198465260418e-03
1.008267795926358432e-03
1.007049345417750921e-03
1.005833836250131889e-03
1.004621257785740050e-03
1.003411599438048304e-03
1.002204850671460168e-03
1.001001001000997306e-03
9.998000399920015883e-04
9.986019572598362880e-04
9.974067424695792512e-04
9.962143853357243069e-04
9.950248756218904849e-04
9.938382031405286303e-04
9.926543577526306204e-04
9.914733293674400996e-04
9.902951079421669009e-04
9.891196834817012496e-04
9.879470460383323049e-04
9.867771857114662672e-04
9.856100926473488223e-04
9.844457570387871517e-04
9.832841691248771481e-04
9.821253191907286777e-04
9.809691975671964818e-04
9.798157946306095597e-04
9.786651008025053222e-04
9.775171065493646130e-04
9.763718023823471630e-04
9.752291788570314904e-04
9.740892265731541499e-04
9.729519361743529937e-04
9.718172983479105411e-04
9.706853038245000578e-04
9.695559433779330459e-04
9.684292078249080336e-04
9.673050880247630523e-04
9.661835748792270287e-04
9.650646593321751893e-04
9.639483323693851143e-04
9.628345850182939850e-04
9.617234083477591922e-04
9.606147934678193777e-04
9.595087315294568856e-04
9.584052137243628160e-04
9.573042312847024034e-04
9.562057754828839733e-04
9.551098376313275733e-04
9.540164090822362067e-04
9.529254812273681499e-04
9.518370454978108963e-04
9.507510933637573769e-04
9.496676163342830483e-04
9.485866059571238483e-04
9.475080538184576205e-04
9.464319515426841299e-04
9.453582907922102822e-04
9.442870632672332835e-04
9.432182607055272696e-04
9.421518748822311270e-04
9.410878976096368571e-04
9.400263207369806504e-04
9.389671361502347196e-04
9.379103357719002169e-04
9.368559115608021031e-04
9.358038555118847754e-04
9.347541596560105144e-04
9.337068160597572801e-04
9.326618168252191103e-04
9.316191540898082542e-04
9.305788200260563291e-04
9.295408068414203568e-04
9.285051067780872823e-04
9.274717121127805516e-04
9.264406151565685336e-04
9.254118082546733751e-04
9.243852837862821326e-04
9.233610341643582299e-04
9.223390518354546500e-04
9.213193292795284275e-04
9.203018590097552512e-04
9.192866335723478589e-04
9.182736455463728084e-04
9.172628875435699571e-04
9.162543522081731352e-04
9.152480322167308186e-04
9.142439202779301631e-04
9.132420091324200623e-04
9.122422915526363744e-04
9.112447603426281247e-04
9.102494083378846832e-04
9.092562284051645700e-04
9.082652134423251263e-04
