# f_z
9.999999901795050272e-01
9.999999902525604778e-01
9.999999903249405797e-01
9.999999903966532155e-01
9.999999904677063789e-01
9.999999905381079524e-01
9.999999906078655965e-01
9.999999906769868607e-01
9.999999907454794057e-01
9.999999908133504478e-01
9.999999908806075366e-01
9.999999909472576665e-01
9.999999910133079428e-01
9.999999910787654711e-01
9.999999911436370237e-01
9.999999912079295949e-01
9.999999912716497352e-01
9.999999913348041058e-01
9.999999913973992571e-01
9.999999914594416284e-01
9.999999915209375478e-01
9.999999915818932328e-01
9.999999916423150115e-01
9.999999917022087681e-01
9.999999917615807199e-01
9.999999918204367511e-01
9.999999918787826347e-01
9.999999919366242551e-01
9.999999919939671633e-01
9.999999920508171325e-01
9.999999921071796027e-01
9.999999921630601252e-01
9.999999922184640289e-01
9.999999922733966429e-01
9.999999923278632963e-01
9.999999923818692071e-01
9.999999924354193714e-01
9.999999924885187852e-01
9.999999925411726664e-01
9.999999925933857892e-01
9.999999926451630383e-01
9.999999926965091879e-01
9.999999927474289008e-01
9.999999927979270620e-01
9.999999928480081124e-01
9.999999928976766039e-01
9.999999929469370885e-01
9.999999929957940070e-01
9.999999930442516893e-01
9.999999930923144653e-01
9.999999931399752295e-01
9.999999931872421977e-01
9.999999932341270270e-01
9.999999932806338254e-01
9.999999933267665897e-01
9.999999933725294277e-01
9.999999934179263361e-01
9.999999934629610898e-01
9.999999935076375746e-01
9.999999935519595651e-01
9.999999935959309472e-01
9.999999936395553846e-01
9.999999936828364300e-01
9.999999937257777471e-01
9.999999937683829998e-01
9.999999938106556296e-01
9.999999938525991894e-01
9.999999938942170097e-01
9.999999939355126433e-01
9.999999939764894208e-01
9.999999940171504509e-01
9.999999940574992863e-01
9.999999940975390356e-01
9.999999941372729184e-01
9.999999941767040434e-01
9.999999942158356303e-01
9.999999942546706766e-01
9.999999942932121799e-01
9.999999943314633599e-01
9.999999943694269922e-01
9.999999944071060742e-01
9.999999944445034927e-01
9.999999944816221342e-01
9.999999945184647743e-01
9.999999945550344105e-01
9.999999945913334853e-01
9.999999946273649964e-01
9.999999946631316083e-01
9.999999946986358745e-01
9.999999947338805706e-01
9.999999947688681390e-01
9.999999948036012443e-01
9.999999948380825510e-01
9.999999948723142795e-01
9.999999949062992055e-01
9.999999949400396604e-01
9.999999949735380866e-01
9.999999950067969268e-01
9.999999950398184012e-01
9.999999950726050635e-01
9.999999951051591340e-01
9.999999951374828333e-01
9.999999951695784928e-01
9.999999952014484439e-01
9.999999952330946851e-01
9.999999952645196588e-01
9.999999952957253635e-01
9.999999953267139086e-01
9.999999953574875144e-01
9.999999953880482906e-01
9.999999954183982354e-01
9.999999954485393472e-01
9.999999954784737355e-01
9.999999955082032876e-01
9.999999955377301131e-01
9.999999955670560992e-01
9.999999955961832443e-01
9.999999956251133248e-01
9.999999956538483392e-01
9.999999956823900638e-01
9.999999957107404969e-01
9.999999957389013039e-01
9.999999957668743722e-01
9.999999957946614781e-01
9.999999958222642871e-01
9.999999958496846864e-01
9.999999958769244524e-01
9.999999959039851394e-01
9.999999959308685238e-01
9.999999959575761599e-01
9.999999959841098240e-01
9.999999960104711816e-01
9.999999960366617868e-01
9.999999960626831941e-01
9.999999960885370687e-01
9.999999961142248539e-01
9.999999961397483261e-01
9.999999961651088176e-01
9.999999961903078827e-01
9.999999962153469646e-01
9.999999962402277287e-01
9.999999962649516183e-01
9.999999962895198546e-01
9.999999963139341030e-01
9.999999963381956958e-01
9.999999963623060761e-01
9.999999963862665764e-01
9.999999964100786398e-01
9.999999964337434877e-01
9.999999964572626743e-01
9.999999964806374209e-01
9.999999965038691707e-01
9.999999965269589230e-01
9.999999965499083432e-01
9.999999965727184303e-01
9.999999965953906278e-01
9.999999966179260458e-01
9.999999966403260165e-01
9.999999966625917613e-01
9.999999966847245014e-01
9.999999967067253470e-01
9.999999967285956304e-01
9.999999967503364617e-01
9.999999967719489513e-01
9.999999967934343204e-01
9.999999968147936791e-01
9.999999968360281377e-01
9.999999968571388065e-01
9.999999968781269066e-01
9.999999968989934374e-01
9.999999969197395089e-01
9.999999969403661204e-01
9.999999969608744932e-01
9.999999969812655154e-01
9.999999970015402972e-01
9.999999970216999490e-01
9.999999970417453588e-01
9.999999970616775258e-01
9.999999970814976713e-01
9.999999971012064615e-01
9.999999971208051175e-01
9.999999971402945276e-01
9.999999971596756909e-01
9.999999971789494957e-01
9.999999971981169411e-01
9.999999972171789153e-01
9.999999972361364176e-01
9.999999972549902250e-01
9.999999972737413367e-01
9.999999972923906411e-01
9.999999973109390261e-01
9.999999973293873801e-01
9.999999973477365911e-01
9.999999973659874364e-01
9.999999973841408041e-01
9.999999974021976934e-01
9.999999974201586594e-01
9.999999974380247014e-01
9.999999974557967075e-01
9.999999974734752328e-01
9.999999974910613876e-01
9.999999975085558379e-01
9.999999975259592500e-01
9.999999975432726229e-01
9.999999975604966229e-01
9.999999975776320271e-01
9.999999975946795017e-01
9.999999976116400457e-01
9.999999976285141035e-01
9.999999976453026740e-01
9.999999976620063125e-01
9.999999976786257960e-01
9.999999976951619018e-01
9.999999977116152960e-01
9.999999977279866448e-01
9.999999977442767252e-01
9.999999977604860923e-01
9.999999977766156345e-01
9.999999977926659067e-01
9.999999978086374641e-01
9.999999978245311949e-01
9.999999978403476542e-01
9.999999978560876190e-01
9.999999978717515337e-01
9.999999978873400641e-01
9.999999979028539876e-01
9.999999979182938592e-01
9.999999979336602340e-01
9.999999979489538893e-01
9.999999979641752690e-01
9.999999979793251503e-01
9.999999979944039774e-01
9.999999980094124163e-01
9.999999980243510223e-01
9.999999980392204613e-01
9.999999980540211775e-01
9.999999980687539480e-01
9.999999980834192170e-01
9.999999980980174286e-01
9.999999981125493598e-01
9.999999981270154548e-01
9.999999981414162686e-01
9.999999981557523565e-01
9.999999981700242735e-01
9.999999981842325747e-01
9.999999981983777042e-01
9.999999982124602171e-01
9.999999982264807796e-01
9.999999982404396137e-01
9.999999982543374966e-01
9.999999982681747612e-01
9.999999982819520739e-01
9.999999982956697675e-01
9.999999983093283973e-01
9.999999983229285183e-01
9.999999983364705747e-01
9.999999983499550105e-01
9.999999983633822698e-01
9.999999983767529077e-01
9.999999983900673683e-01
9.999999984033260958e-01
9.999999984165295341e-01
9.999999984296782385e-01
9.999999984427725419e-01
9.999999984558129995e-01
9.999999984687999444e-01
9.999999984817338206e-01
9.999999984946151832e-01
9.999999985074443654e-01
9.999999985202218111e-01
9.999999985329479646e-01
9.999999985456231588e-01
9.999999985582479489e-01
9.999999985708227790e-01
9.999999985833478711e-01
9.999999985958236692e-01
9.999999986082507286e-01
9.999999986206293823e-01
9.999999986329599633e-01
9.999999986452429157e-01
9.999999986574786837e-01
9.999999986696674892e-01
9.999999986818097764e-01
9.999999986939061003e-01
9.999999987059565720e-01
9.999999987179618577e-01
9.999999987299220683e-01
9.999999987418376479e-01
9.999999987537089297e-01
9.999999987655364686e-01
9.999999987773203758e-01
9.999999987890612063e-01
9.999999988007590712e-01
9.999999988124146366e-01
9.999999988240280135e-01
9.999999988355995351e-01
9.999999988471297563e-01
9.999999988586187882e-01
9.999999988700670750e-01
9.999999988814748386e-01
9.999999988928426342e-01
9.999999989041705728e-01
9.999999989154590985e-01
9.999999989267083222e-01
9.999999989379186882e-01
9.999999989490905294e-01
9.999999989602241790e-01
9.999999989713199700e-01
9.999999989823782354e-01
9.999999989933993083e-01
9.999999990043832998e-01
9.999999990153307650e-01
9.999999990262418148e-01
9.999999990371168934e-01
9.999999990479562229e-01
9.999999990587600252e-01
9.999999990695287444e-01
9.999999990802624916e-01
9.999999990909615999e-01
9.999999991016265133e-01
9.999999991122573428e-01
9.999999991228544216e-01
9.999999991334179716e-01
9.999999991439483260e-01
9.999999991544457068e-01
9.999999991649104469e-01
9.999999991753428796e-01
9.999999991857430048e-01
9.999999991961113777e-01
9.999999992064481091e-01
9.999999992167534213e-01
9.999999992270276472e-01
9.999999992372710089e-01
9.999999992474838395e-01
9.999999992576663610e-01
9.999999992678186844e-01
9.999999992779411429e-01
9.999999992880340693e-01
9.999999992980976860e-01
9.999999993081321037e-01
9.999999993181375446e-01
9.999999993281144528e-01
9.999999993380629393e-01
9.999999993479832261e-01
9.999999993578756463e-01
9.999999993677403110e-01
9.999999993775774421e-01
9.999999993873873727e-01
9.999999993971702139e-01
9.999999994069262987e-01
9.999999994166557382e-01
9.999999994263587544e-01
9.999999994360356803e-01
9.999999994456867380e-01
9.999999994553120386e-01
9.999999994649118040e-01
9.999999994744862564e-01
9.999999994840356177e-01
9.999999994935601100e-01
9.999999995030599553e-01
9.999999995125352648e-01
9.999999995219863713e-01
9.999999995314133860e-01
9.999999995408165310e-01
9.999999995501960282e-01
9.999999995595520996e-01
9.999999995688848564e-01
9.999999995781945206e-01
9.999999995874813141e-01
9.999999995967454591e-01
9.999999996059870666e-01
9.999999996152063586e-01
9.999999996244034461e-01
9.999999996335786623e-01
9.999999996427322291e-01
9.999999996518641465e-01
9.999999996609746367e-01
9.999999996700639215e-01
9.999999996791322232e-01
9.999999996881796527e-01
9.999999996972063210e-01
9.999999997062126722e-01
9.999999997151985953e-01
9.999999997241643124e-01
9.999999997331101564e-01
9.999999997420361275e-01
9.999999997509424476e-01
9.999999997598293389e-01
9.999999997686968012e-01
9.999999997775452787e-01
9.999999997863746604e-01
9.999999997951852793e-01
9.999999998039773574e-01
9.999999998127507839e-01
9.999999998215058916e-01
9.999999998302429027e-01
9.999999998389618172e-01
9.999999998476629681e-01
9.999999998563463555e-01
9.999999998650122013e-01
9.999999998736606166e-01
9.999999998822918235e-01
9.999999998909058219e-01
9.999999998995030559e-01
9.999999999080833035e-01
9.999999999166470088e-01
9.999999999251942828e-01
9.999999999337250145e-01
9.999999999422396479e-01
9.999999999507381832e-01
9.999999999592208422e-01
9.999999999676876250e-01
9.999999999761387537e-01
9.999999999845744503e-01
9.999999999929947148e-01
1.000000000000000000e+00
1.000000000000000000e+00
1.000000000000000000e+00
1.000000000000000000e+00
1.000000000000000000e+00
1.000000000000000000e+00
1.000000000000000000e+00
1.000000000000000000e+00
1.000000000000000000e+00
1.000000000000000000e+00
1.000000000000000000e+00
1.000000000000000000e+00
1.000000000000000000e+00
1.000000000000000000e+00
1.000000000000000000e+00
1.000000000000000000e+00
1.000000000000000000e+00
1.000000000000000000e+00
1.000000000000000000e+00
1.000000000000000000e+00
1.000000000000000000e+00
1.000000000000000000e+00
1.000000000000000000e+00
1.000000000000000000e+00
1.000000000000000000e+00
1.000000000000000000e+00
1.000000000000000000e+00
1.000000000000000000e+00
1.000000000000000000e+00
1.000000000000000000e+00
1.000000000000000000e+00
1.000000000000000000e+00
1.000000000000000000e+00
1.000000000000000000e+00
1.000000000000000000e+00
1.000000000000000000e+00
1.000000000000000000e+00
1.000000000000000000e+00
1.000000000000000000e+00
1.000000000000000000e+00
1.000000000000000000e+00
1.000000000000000000e+00
1.000000000000000000e+00
1.000000000000000000e+00
1.000000000000000000e+00
1.000000000000000000e+00
1.000000000000000000e+00
1.000000000000000000e+00
1.000000000000000000e+00
1.000000000000000000e+00
1.000000000000000000e+00
1.000000000000000000e+00
1.000000000000000000e+00
1.000000000000000000e+00
1.000000000000000000e+00
1.000000000000000000e+00
1.000000000000000000e+00
1.000000000000000000e+00
1.000000000000000000e+00
1.000000000000000000e+00
1.000000000000000000e+00
1.000000000000000000e+00
1.000000000000000000e+00
1.000000000000000000e+00
1.000000000000000000e+00
1.000000000000000000e+00
1.000000000000000000e+00
1.000000000000000000e+00
1.000000000000000000e+00
1.000000000000000000e+00
1.000000000000000000e+00
1.000000000000000000e+00
1.000000000000000000e+00
1.000000000000000000e+00
1.000000000000000000e+00
1.000000000000000000e+00
1.000000000000000000e+00
1.000000000000000000e+00
1.000000000000000000e+00
1.000000000000000000e+00
1.000000000000000000e+00
1.000000000000000000e+00
1.000000000000000000e+00
1.000000000000000000e+00
1.000000000000000000e+00
