# te
2.975610256195068359e+00
3.748842954635620117e+00
3.884727716445922852e+00
3.635825395584106445e+00
3.201881885528564453e+00
2.710503816604614258e+00
2.240229606628417969e+00
1.830960631370544434e+00
1.504949331283569336e+00
1.271382212638854980e+00
1.132722973823547363e+00
1.071022391319274902e+00
1.064714670181274414e+00
1.098498940467834473e+00
1.158774018287658691e+00
1.232475519180297852e+00
1.307691335678100586e+00
1.376583456993103027e+00
1.434249401092529297e+00
1.483460187911987305e+00
1.528245210647583008e+00
1.569998383522033691e+00
1.609906435012817383e+00
1.650961875915527344e+00
1.695708274841308594e+00
1.743086218833923340e+00
1.791175723075866699e+00
1.838218450546264648e+00
1.882238388061523438e+00
1.920230507850646973e+00
1.949052810668945312e+00
1.966048836708068848e+00
1.969725131988525391e+00
1.962756633758544922e+00
1.947491049766540527e+00
1.920799612998962402e+00
1.879604816436767578e+00
1.826509833335876465e+00
1.765537142753601074e+00
1.699643611907958984e+00
1.627523183822631836e+00
1.546803236007690430e+00
1.455111742019653320e+00
1.350076436996459961e+00
1.229924321174621582e+00
1.095278978347778320e+00
9.473636746406555176e-01
7.874013781547546387e-01
6.166152358055114746e-01
4.358611702919006348e-01
2.445280402898788452e-01
4.163759574294090271e-02
-1.737884283065795898e-01
-4.027282297611236572e-01
-6.459127664566040039e-01
-9.030836224555969238e-01
-1.173735380172729492e+00
-1.457362294197082520e+00
-1.753458976745605469e+00
-2.061673879623413086e+00
-2.382273674011230469e+00
-2.715679168701171875e+00
-3.062311172485351562e+00
-3.422590494155883789e+00
-3.796702146530151367e+00
-4.183889865875244141e+00
-4.583161354064941406e+00
-4.993523597717285156e+00
-5.413985729217529297e+00
-5.843799114227294922e+00
-6.283194541931152344e+00
-6.732647895812988281e+00
-7.192634105682373047e+00
-7.663629055023193359e+00
-8.145955085754394531e+00
-8.639325141906738281e+00
-9.143300056457519531e+00
-9.657438278198242188e+00
-1.018130207061767578e+01
-1.071441078186035156e+01
-1.125612068176269531e+01
-1.180575180053710938e+01
-1.236262035369873047e+01
-1.292604351043701172e+01
-1.349541854858398438e+01
-1.407044696807861328e+01
-1.465091228485107422e+01
-1.523659801483154297e+01
-1.582728481292724609e+01
-1.642270660400390625e+01
-1.702240562438964844e+01
-1.762587547302246094e+01
-1.823260879516601562e+01
-1.884209823608398438e+01
-1.945383834838867188e+01
-2.006732177734375000e+01
-2.068204116821289062e+01
-2.129749107360839844e+01
-2.191316413879394531e+01
-2.252855300903320312e+01
-2.314315223693847656e+01
-2.375645637512207031e+01
-2.436795234680175781e+01
-2.497714233398437500e+01
-2.558351135253906250e+01
-2.618655967712402344e+01
-2.678577613830566406e+01
-2.738065528869628906e+01
-2.797068786621093750e+01
-2.855536842346191406e+01
-2.913415336608886719e+01
-2.970650291442871094e+01
-3.027187919616699219e+01
-3.082973861694335938e+01
-3.137953567504882812e+01
-3.192073249816894531e+01
-3.245278930664062500e+01
-3.297515869140625000e+01
-3.348730087280273438e+01
-3.398867797851562500e+01
-3.447874450683593750e+01
-3.495695877075195312e+01
-3.542277908325195312e+01
-3.587566757202148438e+01
-3.631507873535156250e+01
-3.674047470092773438e+01
-3.715130615234375000e+01
-3.754703903198242188e+01
-3.792712402343750000e+01
-3.829104995727539062e+01
-3.863838195800781250e+01
-3.896870803833007812e+01
-3.928161621093750000e+01
-3.957670974731445312e+01
-3.985356521606445312e+01
-4.011177825927734375e+01
-4.035094070434570312e+01
-4.057064437866210938e+01
-4.077047348022460938e+01
-4.095001983642578125e+01
-4.110887908935546875e+01
-4.124663543701171875e+01
-4.136288833618164062e+01
-4.145721435546875000e+01
-4.152921676635742188e+01
-4.157848358154296875e+01
-4.160459899902343750e+01
-4.160715484619140625e+01
-4.158574676513671875e+01
-4.154001617431640625e+01
-4.146982574462890625e+01
-4.137509536743164062e+01
-4.125572967529296875e+01
-4.111165618896484375e+01
-4.094278717041015625e+01
-4.074903869628906250e+01
-4.053032684326171875e+01
-4.028657150268554688e+01
-4.001767730712890625e+01
-3.972357559204101562e+01
-3.940417480468750000e+01
-3.905939483642578125e+01
-3.868914413452148438e+01
-3.829334640502929688e+01
-3.787191772460937500e+01
-3.742476654052734375e+01
-3.695182037353515625e+01
-3.645298385620117188e+01
-3.592818069458007812e+01
-3.537732696533203125e+01
-3.480033874511718750e+01
-3.419712829589843750e+01
-3.356761550903320312e+01
-3.291171264648437500e+01
-3.222939300537109375e+01
-3.152083396911621094e+01
-3.078625869750976562e+01
-3.002589797973632812e+01
-2.923997879028320312e+01
-2.842873382568359375e+01
-2.759239196777343750e+01
-2.673117637634277344e+01
-2.584531974792480469e+01
-2.493505096435546875e+01
-2.400059700012207031e+01
-2.304219055175781250e+01
-2.206005477905273438e+01
-2.105442047119140625e+01
-2.002551651000976562e+01
-1.897357177734375000e+01
-1.789881706237792969e+01
-1.680147552490234375e+01
-1.568178176879882812e+01
-1.453996086120605469e+01
-1.337624168395996094e+01
-1.219085502624511719e+01
-1.098402786254882812e+01
-9.755989074707031250e+00
-8.506967544555664062e+00
-7.237269878387451172e+00
-5.947518825531005859e+00
-4.638413429260253906e+00
-3.310653448104858398e+00
-1.964938998222351074e+00
-6.019700765609741211e-01
7.775534987449645996e-01
2.172931909561157227e+00
3.583465337753295898e+00
5.008453369140625000e+00
6.447196960449218750e+00
7.898995399475097656e+00
9.363148689270019531e+00
1.083895778656005859e+01
1.232572269439697266e+01
1.382274341583251953e+01
1.532931900024414062e+01
1.684474945068359375e+01
1.836833572387695312e+01
1.989938163757324219e+01
2.143718147277832031e+01
2.298103523254394531e+01
2.453024864196777344e+01
2.608411598205566406e+01
2.764194107055664062e+01
2.920302391052246094e+01
3.076666069030761719e+01
3.233215332031250000e+01
3.389880371093750000e+01
3.546591567993164062e+01
3.703277969360351562e+01
3.859870147705078125e+01
4.016298294067382812e+01
4.172492218017578125e+01
4.328381347656250000e+01
4.483896636962890625e+01
4.638967895507812500e+01
4.793524551391601562e+01
4.947497177124023438e+01
5.100815200805664062e+01
5.253409576416015625e+01
5.405209732055664062e+01
5.556145477294921875e+01
5.706146621704101562e+01
5.855144119262695312e+01
6.003068161010742188e+01
6.149847030639648438e+01
6.295412445068359375e+01
6.439693450927734375e+01
6.582619476318359375e+01
6.724125671386718750e+01
6.864155578613281250e+01
7.002655029296875000e+01
7.139574432373046875e+01
7.274860382080078125e+01
7.408459472656250000e+01
7.540320587158203125e+01
7.670391082763671875e+01
7.798618316650390625e+01
7.924949645996093750e+01
8.049333190917968750e+01
8.171717071533203125e+01
8.292047119140625000e+01
8.410272979736328125e+01
8.526341247558593750e+01
8.640199279785156250e+01
8.751795196533203125e+01
8.861076354980468750e+01
8.967991638183593750e+01
9.072486877441406250e+01
9.174510192871093750e+01
9.274008941650390625e+01
9.370932006835937500e+01
9.465225982666015625e+01
9.556838226318359375e+01
9.645716857910156250e+01
9.731809234619140625e+01
9.815064239501953125e+01
9.895426940917968750e+01
9.972847747802734375e+01
1.004727249145507812e+02
1.011864929199218750e+02
1.018692550659179688e+02
1.025204925537109375e+02
1.031396789550781250e+02
1.037262954711914062e+02
1.042798004150390625e+02
1.047996902465820312e+02
1.052854309082031250e+02
1.057365036010742188e+02
1.061523818969726562e+02
1.065325393676757812e+02
1.068764648437500000e+02
1.071836166381835938e+02
1.074534683227539062e+02
1.076855163574218750e+02
1.078792343139648438e+02
1.080340805053710938e+02
1.081495437622070312e+02
1.082251129150390625e+02
1.082603683471679688e+02
1.082555465698242188e+02
1.082109451293945312e+02
1.081269073486328125e+02
1.080037612915039062e+02
1.078418579101562500e+02
1.076415023803710938e+02
1.074030456542968750e+02
1.071268157958984375e+02
1.068131408691406250e+02
1.064623565673828125e+02
1.060747909545898438e+02
1.056507797241210938e+02
1.051906585693359375e+02
1.046947555541992188e+02
1.041633987426757812e+02
1.035969238281250000e+02
1.029956741333007812e+02
1.023599624633789062e+02
1.016901321411132812e+02
1.009865188598632812e+02
1.002494506835937500e+02
9.947924804687500000e+01
9.867626190185546875e+01
9.784081268310546875e+01
9.697323608398437500e+01
9.607386779785156250e+01
9.514303588867187500e+01
9.418107604980468750e+01
9.318831634521484375e+01
9.216508483886718750e+01
9.111172485351562500e+01
9.002856445312500000e+01
8.891593170166015625e+01
8.777416992187500000e+01
8.660359191894531250e+01
8.540454864501953125e+01
8.417736053466796875e+01
8.292236328125000000e+01
8.163989257812500000e+01
8.033027648925781250e+01
7.899385070800781250e+01
7.763094329833984375e+01
7.624188995361328125e+01
7.482702636718750000e+01
7.338667297363281250e+01
7.192117309570312500e+01
7.043085479736328125e+01
6.891605377197265625e+01
6.737709045410156250e+01
6.581439208984375000e+01
6.422872161865234375e+01
6.262090301513671875e+01
6.099178695678710938e+01
5.934222412109375000e+01
5.767303848266601562e+01
5.598508453369140625e+01
5.427919769287109375e+01
5.255622482299804688e+01
5.081700134277343750e+01
4.906237030029296875e+01
4.729317855834960938e+01
4.551026153564453125e+01
4.371445846557617188e+01
4.190662002563476562e+01
4.008758163452148438e+01
3.825818252563476562e+01
3.641926956176757812e+01
3.457168579101562500e+01
3.271626663208007812e+01
3.085385513305664062e+01
2.898529243469238281e+01
2.711142349243164062e+01
2.523308753967285156e+01
2.335112762451171875e+01
2.146638107299804688e+01
1.957969474792480469e+01
1.769190788269042969e+01
1.580386066436767578e+01
1.391639709472656250e+01
1.203035545349121094e+01
1.014658069610595703e+01
8.265912055969238281e+00
6.389192104339599609e+00
4.517261981964111328e+00
2.650963783264160156e+00
7.911381721496582031e-01
-1.061372876167297363e+00
-2.905728101730346680e+00
-4.741085529327392578e+00
-6.566604137420654297e+00
-8.381442070007324219e+00
-1.018475818634033203e+01
-1.197570991516113281e+01
-1.375345802307128906e+01
-1.551715755462646484e+01
-1.726597023010253906e+01
-1.899905395507812500e+01
-2.071556472778320312e+01
-2.241466331481933594e+01
-2.409557723999023438e+01
-2.575782012939453125e+01
-2.740096473693847656e+01
-2.902460098266601562e+01
-3.062829971313476562e+01
-3.221164703369140625e+01
-3.377421951293945312e+01
-3.531560134887695312e+01
-3.683536911010742188e+01
-3.833310699462890625e+01
-3.980839157104492188e+01
-4.126080322265625000e+01
-4.268992233276367188e+01
-4.409533309936523438e+01
-4.547660827636718750e+01
-4.683333587646484375e+01
-4.816509246826171875e+01
-4.947145462036132812e+01
-5.075200653076171875e+01
-5.200633239746093750e+01
-5.323400497436523438e+01
-5.443460464477539062e+01
-5.560771942138671875e+01
-5.675292205810546875e+01
-5.786979675292968750e+01
-5.895792388916015625e+01
-6.001688003540039062e+01
-6.104624557495117188e+01
-6.204560470581054688e+01
-6.301453781127929688e+01
-6.395262145996093750e+01
-6.485943603515625000e+01
-6.573456573486328125e+01
-6.657758331298828125e+01
-6.738807678222656250e+01
-6.816561889648437500e+01
-6.890979003906250000e+01
-6.962018585205078125e+01
-7.029637145996093750e+01
-7.093793487548828125e+01
-7.154444122314453125e+01
-7.211548614501953125e+01
-7.265065002441406250e+01
-7.314949798583984375e+01
-7.361163330078125000e+01
-7.403662109375000000e+01
-7.442403411865234375e+01
-7.477346801757812500e+01
-7.508450317382812500e+01
-7.535670471191406250e+01
-7.558982086181640625e+01
-7.578414154052734375e+01
-7.594013977050781250e+01
-7.605826568603515625e+01
-7.613898468017578125e+01
-7.618275451660156250e+01
-7.619003295898437500e+01
-7.616127014160156250e+01
-7.609694671630859375e+01
-7.599750518798828125e+01
-7.586339569091796875e+01
-7.569509124755859375e+01
-7.549305725097656250e+01
-7.525772857666015625e+01
-7.498958587646484375e+01
-7.468907928466796875e+01
-7.435666656494140625e+01
-7.399282073974609375e+01
-7.359796905517578125e+01
-7.317259979248046875e+01
-7.271716308593750000e+01
-7.223210144042968750e+01
-7.171789550781250000e+01
-7.117500305175781250e+01
-7.060386657714843750e+01
-7.000495147705078125e+01
-6.937872314453125000e+01
-6.872563934326171875e+01
-6.804615020751953125e+01
-6.734072875976562500e+01
-6.660981750488281250e+01
-6.585388946533203125e+01
-6.507338714599609375e+01
-6.426878356933593750e+01
-6.344052886962890625e+01
-6.258908462524414062e+01
-6.171491622924804688e+01
-6.081847763061523438e+01
-5.990021896362304688e+01
-5.896060562133789062e+01
-5.800010681152343750e+01
-5.701915740966796875e+01
-5.601823806762695312e+01
-5.499780273437500000e+01
-5.395830535888671875e+01
-5.290020370483398438e+01
-5.182395935058593750e+01
-5.073003387451171875e+01
-4.961887741088867188e+01
-4.849095535278320312e+01
-4.734678649902343750e+01
-4.618711090087890625e+01
-4.501273727416992188e+01
-4.382446670532226562e+01
-4.262310028076171875e+01
-4.140945053100585938e+01
-4.018431472778320312e+01
-3.894850158691406250e+01
-3.770280838012695312e+01
-3.644804763793945312e+01
-3.518501281738281250e+01
-3.391452026367187500e+01
-3.263736343383789062e+01
-3.135435295104980469e+01
-3.006629180908203125e+01
-2.877397918701171875e+01
-2.747822761535644531e+01
-2.617983055114746094e+01
-2.487960052490234375e+01
-2.357833862304687500e+01
-2.227684974670410156e+01
-2.097593688964843750e+01
-1.967640304565429688e+01
-1.837905311584472656e+01
-1.708469390869140625e+01
-1.579412651062011719e+01
-1.450815391540527344e+01
-1.322758197784423828e+01
-1.195321464538574219e+01
-1.068585586547851562e+01
-9.426310539245605469e+00
-8.175379753112792969e+00
-6.933870315551757812e+00
-5.702585697174072266e+00
-4.482328891754150391e+00
-3.273904800415039062e+00
-2.078117132186889648e+00
-8.957699537277221680e-01
2.723326086997985840e-01
1.425386667251586914e+00
2.562587976455688477e+00
3.683132886886596680e+00
4.786217212677001953e+00
5.871037006378173828e+00
6.936788558959960938e+00
7.982666015625000000e+00
9.007868766784667969e+00
1.001158905029296875e+01
1.099302577972412109e+01
1.195137310028076172e+01
1.288591957092285156e+01
1.379631805419921875e+01
1.468231678009033203e+01
1.554365730285644531e+01
1.638009071350097656e+01
1.719135665893554688e+01
1.797720336914062500e+01
1.873737716674804688e+01
1.947162246704101562e+01
2.017968368530273438e+01
2.086131095886230469e+01
2.151624488830566406e+01
2.214423370361328125e+01
2.274501991271972656e+01
2.331835556030273438e+01
2.386397933959960938e+01
2.438163948059082031e+01
2.487108230590820312e+01
2.533205223083496094e+01
2.576429557800292969e+01
2.616755867004394531e+01
2.654158592224121094e+01
2.688611984252929688e+01
2.720091056823730469e+01
2.748570632934570312e+01
2.774024391174316406e+01
2.796427536010742188e+01
2.815754508972167969e+01
2.831979942321777344e+01
2.845078086853027344e+01
2.855023384094238281e+01
2.861791229248046875e+01
2.865355110168457031e+01
2.865690612792968750e+01
2.862771415710449219e+01
2.856572532653808594e+01
2.847068786621093750e+01
2.834233856201171875e+01
2.818043327331542969e+01
2.798471069335937500e+01
2.775491714477539062e+01
2.749079895019531250e+01
2.719210433959960938e+01
2.685857391357421875e+01
2.648995780944824219e+01
2.608600044250488281e+01
2.564644432067871094e+01
2.517103958129882812e+01
2.465952682495117188e+01
2.411165809631347656e+01
2.352730941772460938e+01
2.290691375732421875e+01
2.225103569030761719e+01
2.156023979187011719e+01
2.083509635925292969e+01
2.007616615295410156e+01
1.928401947021484375e+01
1.845922088623046875e+01
1.760233306884765625e+01
1.671392822265625000e+01
1.579456615447998047e+01
1.484481620788574219e+01
1.386524295806884766e+01
1.285641479492187500e+01
1.181889438629150391e+01
1.075325012207031250e+01
9.660046577453613281e+00
8.539849281311035156e+00
7.393226146697998047e+00
6.220742225646972656e+00
5.022962570190429688e+00
3.800454139709472656e+00
2.553782701492309570e+00
1.283514142036437988e+00
-9.785759262740612030e-03
-1.325550913810729980e+00
-2.663215398788452148e+00
-4.022212982177734375e+00
-5.401978015899658203e+00
-6.801944732666015625e+00
-8.221546173095703125e+00
-9.660219192504882812e+00
-1.111739349365234375e+01
-1.259250640869140625e+01
-1.408499050140380859e+01
-1.559428215026855469e+01
-1.711981010437011719e+01
-1.866101455688476562e+01
-2.021732711791992188e+01
-2.178818130493164062e+01
-2.337300872802734375e+01
-2.497124862670898438e+01
-2.658233261108398438e+01
-2.820569229125976562e+01
-2.984076881408691406e+01
-3.148698806762695312e+01
-3.314378738403320312e+01
-3.481060028076171875e+01
-3.648686218261718750e+01
-3.817201232910156250e+01
-3.986543655395507812e+01
-4.156640625000000000e+01
-4.327414703369140625e+01
-4.498788452148437500e+01
-4.670684432983398438e+01
-4.843025970458984375e+01
-5.015734863281250000e+01
-5.188734054565429688e+01
-5.361946868896484375e+01
-5.535295104980468750e+01
-5.708702468872070312e+01
-5.882089996337890625e+01
-6.055381774902343750e+01
-6.228500366210937500e+01
-6.401368713378906250e+01
-6.573908233642578125e+01
-6.746042633056640625e+01
-6.917694091796875000e+01
-7.088785552978515625e+01
-7.259239196777343750e+01
-7.428979492187500000e+01
-7.597927093505859375e+01
-7.766005706787109375e+01
-7.933137512207031250e+01
-8.099245452880859375e+01
-8.264252471923828125e+01
-8.428080749511718750e+01
-8.590653228759765625e+01
-8.751892852783203125e+01
-8.911721038818359375e+01
-9.070062255859375000e+01
-9.226838684082031250e+01
-9.381972503662109375e+01
-9.535385894775390625e+01
-9.687002563476562500e+01
-9.836745452880859375e+01
-9.984535980224609375e+01
-1.013029861450195312e+02
-1.027395401000976562e+02
-1.041542587280273438e+02
-1.055463714599609375e+02
-1.069151000976562500e+02
-1.082596740722656250e+02
-1.095793151855468750e+02
-1.108732681274414062e+02
-1.121407394409179688e+02
-1.133809585571289062e+02
-1.145931549072265625e+02
-1.157765655517578125e+02
-1.169304046630859375e+02
-1.180540008544921875e+02
-1.191470870971679688e+02
-1.202094802856445312e+02
-1.212409973144531250e+02
-1.222414855957031250e+02
-1.232107467651367188e+02
-1.241486129760742188e+02
-1.250549240112304688e+02
-1.259294815063476562e+02
-1.267721176147460938e+02
-1.275826721191406250e+02
-1.283609466552734375e+02
-1.291067810058593750e+02
-1.298199920654296875e+02
-1.305004119873046875e+02
-1.311478424072265625e+02
-1.317621459960937500e+02
-1.323431243896484375e+02
-1.328906097412109375e+02
-1.334044189453125000e+02
-1.338843688964843750e+02
-1.343303070068359375e+02
-1.347420349121093750e+02
-1.351194000244140625e+02
-1.354622039794921875e+02
-1.357702941894531250e+02
-1.360434722900390625e+02
-1.362815856933593750e+02
-1.364844360351562500e+02
-1.366518707275390625e+02
-1.367836914062500000e+02
-1.368797454833984375e+02
-1.369398498535156250e+02
-1.369638061523437500e+02
-1.369514770507812500e+02
-1.369026489257812500e+02
-1.368171844482421875e+02
-1.366949005126953125e+02
-1.365355834960937500e+02
-1.363391113281250000e+02
-1.361052703857421875e+02
-1.358338775634765625e+02
-1.355247955322265625e+02
-1.351778411865234375e+02
-1.347928314208984375e+02
-1.343695678710937500e+02
-1.339078979492187500e+02
-1.334076538085937500e+02
-1.328686523437500000e+02
-1.322907104492187500e+02
-1.316737976074218750e+02
-1.310183258056640625e+02
-1.303249359130859375e+02
-1.295941467285156250e+02
-1.288265686035156250e+02
-1.280227813720703125e+02
-1.271833648681640625e+02
-1.263088836669921875e+02
-1.253999252319335938e+02
-1.244570693969726562e+02
-1.234809036254882812e+02
-1.224719848632812500e+02
-1.214309158325195312e+02
-1.203582611083984375e+02
-1.192546081542968750e+02
-1.181205291748046875e+02
-1.169566116333007812e+02
-1.157634277343750000e+02
-1.145415573120117188e+02
-1.132915725708007812e+02
-1.120140762329101562e+02
-1.107096176147460938e+02
-1.093787994384765625e+02
-1.080221939086914062e+02
-1.066403732299804688e+02
-1.052339172363281250e+02
-1.038034133911132812e+02
-1.023494338989257812e+02
-1.008725585937500000e+02
-9.937338256835937500e+01
-9.785245513916015625e+01
-9.631037902832031250e+01
-9.474772644042968750e+01
-9.316506958007812500e+01
-9.156300354003906250e+01
-8.994209289550781250e+01
-8.830291748046875000e+01
-8.664607238769531250e+01
-8.497210693359375000e+01
-8.328163146972656250e+01
-8.157521820068359375e+01
-7.985343170166015625e+01
-7.811685943603515625e+01
-7.636607360839843750e+01
-7.460166931152343750e+01
-7.282421112060546875e+01
-7.103429412841796875e+01
-6.923247528076171875e+01
-6.741934967041015625e+01
-6.559550476074218750e+01
-6.376152038574218750e+01
-6.191812896728515625e+01
-6.006605911254882812e+01
-5.820606994628906250e+01
-5.633887863159179688e+01
-5.446524047851562500e+01
-5.258589553833007812e+01
-5.070157623291015625e+01
-4.881303024291992188e+01
-4.692098999023437500e+01
-4.502620315551757812e+01
-4.312940597534179688e+01
-4.123134613037109375e+01
-3.933275222778320312e+01
-3.743437576293945312e+01
-3.553694534301757812e+01
-3.364120864868164062e+01
-3.174790573120117188e+01
-2.985778045654296875e+01
-2.797156524658203125e+01
-2.609000396728515625e+01
-2.421383666992187500e+01
-2.234380531311035156e+01
-2.048064804077148438e+01
-1.862510681152343750e+01
-1.677792167663574219e+01
-1.493982982635498047e+01
-1.311157703399658203e+01
-1.129389953613281250e+01
-9.487538337707519531e+00
-7.693235397338867188e+00
-5.911729335784912109e+00
-4.143762111663818359e+00
-2.390071868896484375e+00
-6.514003276824951172e-01
1.071512341499328613e+00
2.777925968170166016e+00
4.467100143432617188e+00
6.138294219970703125e+00
7.790768623352050781e+00
9.423782348632812500e+00
1.103659629821777344e+01
1.262846851348876953e+01
1.419865989685058594e+01
1.574643039703369141e+01
1.727103805541992188e+01
1.877174377441406250e+01
2.024780464172363281e+01
2.169848632812500000e+01
2.312304115295410156e+01
2.452083015441894531e+01
2.589157676696777344e+01
2.723511123657226562e+01
2.855125617980957031e+01
2.983983421325683594e+01
3.110067367553710938e+01
3.233359527587890625e+01
3.353842544555664062e+01
3.471499252319335938e+01
3.586311721801757812e+01
3.698262023925781250e+01
3.807333374023437500e+01
3.913508224487304688e+01
4.016767883300781250e+01
4.117096328735351562e+01
4.214475250244140625e+01
4.308886718750000000e+01
4.400314331054687500e+01
4.488739395141601562e+01
4.574145126342773438e+01
4.656513595581054688e+01
4.735827636718750000e+01
4.812069320678710938e+01
4.885221099853515625e+01
4.955265808105468750e+01
5.022185516357421875e+01
5.085963058471679688e+01
5.146580505371093750e+01
5.204021072387695312e+01
5.258266067504882812e+01
5.309298706054687500e+01
5.357101440429687500e+01
5.401656341552734375e+01
5.442946243286132812e+01
5.480953598022460938e+01
5.515660476684570312e+01
5.547049713134765625e+01
5.575103759765625000e+01
5.599805068969726562e+01
5.621135711669921875e+01
5.639078521728515625e+01
5.653616333007812500e+01
5.664730834960937500e+01
5.672404861450195312e+01
5.676620101928710938e+01
5.677360534667968750e+01
5.674607849121093750e+01
5.668344116210937500e+01
5.658552932739257812e+01
5.645215225219726562e+01
5.628325653076171875e+01
5.607920455932617188e+01
5.584049224853515625e+01
5.556758499145507812e+01
5.526098251342773438e+01
5.492115020751953125e+01
5.454858398437500000e+01
5.414376068115234375e+01
5.370716094970703125e+01
5.323926925659179688e+01
5.274056625366210938e+01
5.221153259277343750e+01
5.165265655517578125e+01
5.106441497802734375e+01
5.044729232788085938e+01
4.980177307128906250e+01
4.912833023071289062e+01
4.842745971679687500e+01
4.769963073730468750e+01
4.694533538818359375e+01
4.616505432128906250e+01
4.535926437377929688e+01
4.452845001220703125e+01
4.367309570312500000e+01
4.279367828369140625e+01
4.189068984985351562e+01
4.096460342407226562e+01
4.001590728759765625e+01
3.904507827758789062e+01
3.805260086059570312e+01
3.703896331787109375e+01
3.600463867187500000e+01
3.495011138916015625e+01
3.387586593627929688e+01
3.278238677978515625e+01
3.167014884948730469e+01
3.053964233398437500e+01
2.939134407043457031e+01
2.822573852539062500e+01
2.704330635070800781e+01
2.584453201293945312e+01
2.462989616394042969e+01
2.339988327026367188e+01
2.215497207641601562e+01
2.089564704895019531e+01
1.962239074707031250e+01
1.833568382263183594e+01
1.703601074218750000e+01
1.572385025024414062e+01
1.439968872070312500e+01
1.306402587890625000e+01
1.171744537353515625e+01
1.036054992675781250e+01
8.993944168090820312e+00
7.618230342864990234e+00
6.234013080596923828e+00
4.841893672943115234e+00
3.442476749420166016e+00
2.036364793777465820e+00
6.241618394851684570e-01
-7.935293912887573242e-01
-2.216105699539184570e+00
-3.642963171005249023e+00
-5.073499202728271484e+00
-6.507110595703125000e+00
-7.943193435668945312e+00
-9.381144523620605469e+00
-1.082036113739013672e+01
-1.226023960113525391e+01
-1.370017623901367188e+01
-1.513957023620605469e+01
-1.657781410217285156e+01
-1.801430892944335938e+01
-1.944844818115234375e+01
-2.087962913513183594e+01
-2.230725097656250000e+01
-2.373070716857910156e+01
-2.514939689636230469e+01
-2.656271553039550781e+01
-2.797006034851074219e+01
-2.937082672119140625e+01
-3.076441383361816406e+01
-3.215021896362304688e+01
-3.352763366699218750e+01
-3.489605712890625000e+01
-3.625489044189453125e+01
-3.760352706909179688e+01
-3.894136428833007812e+01
-4.026779556274414062e+01
-4.158221817016601562e+01
-4.288403701782226562e+01
-4.417263793945312500e+01
-4.544742584228515625e+01
-4.670779037475585938e+01
-4.795313262939453125e+01
-4.918284988403320312e+01
-5.039633560180664062e+01
-5.159299087524414062e+01
-5.277220916748046875e+01
-5.393338775634765625e+01
-5.507599639892578125e+01
-5.619978713989257812e+01
-5.730459594726562500e+01
-5.839024353027343750e+01
-5.945655059814453125e+01
-6.050336456298828125e+01
-6.153049087524414062e+01
-6.253777313232421875e+01
-6.352503204345703125e+01
-6.449209594726562500e+01
-6.543878936767578125e+01
-6.636494445800781250e+01
-6.727037811279296875e+01
-6.815493774414062500e+01
-6.901844024658203125e+01
-6.986070251464843750e+01
-7.068157196044921875e+01
-7.148086547851562500e+01
-7.225840759277343750e+01
-7.301403045654296875e+01
-7.374755859375000000e+01
-7.445882415771484375e+01
-7.514765167236328125e+01
-7.581386566162109375e+01
-7.645729827880859375e+01
-7.707778167724609375e+01
-7.767513275146484375e+01
-7.824918365478515625e+01
-7.879975891113281250e+01
-7.932669067382812500e+01
-7.982980346679687500e+01
-8.030893707275390625e+01
-8.076389312744140625e+01
-8.119451904296875000e+01
-8.160063934326171875e+01
-8.198207855224609375e+01
-8.233866882324218750e+01
-8.267022705078125000e+01
-8.297658538818359375e+01
-8.325758361816406250e+01
-8.351302337646484375e+01
-8.374275970458984375e+01
-8.394660949707031250e+01
-8.412438964843750000e+01
-8.427593994140625000e+01
-8.440109252929687500e+01
-8.449966430664062500e+01
-8.457147979736328125e+01
-8.461637878417968750e+01
-8.463417816162109375e+01
-8.462479400634765625e+01
-8.458851623535156250e+01
-8.452568054199218750e+01
-8.443666076660156250e+01
-8.432181549072265625e+01
-8.418150329589843750e+01
-8.401609039306640625e+01
-8.382592773437500000e+01
-8.361138153076171875e+01
-8.337281036376953125e+01
-8.311058044433593750e+01
-8.282504272460937500e+01
-8.251656341552734375e+01
-8.218550872802734375e+01
-8.183222961425781250e+01
-8.145708465576171875e+01
-8.106044006347656250e+01
-8.064266204833984375e+01
-8.020410156250000000e+01
-7.974511718750000000e+01
-7.926608276367187500e+01
-7.876734161376953125e+01
-7.824927520751953125e+01
-7.771221923828125000e+01
-7.715654754638671875e+01
-7.658261871337890625e+01
-7.599080657958984375e+01
-7.538144683837890625e+01
-7.475491333007812500e+01
-7.411157226562500000e+01
-7.345177459716796875e+01
-7.277587890625000000e+01
-7.208425140380859375e+01
-7.137725067138671875e+01
-7.065525054931640625e+01
-6.991858673095703125e+01
-6.916763305664062500e+01
-6.840274810791015625e+01
-6.762429046630859375e+01
-6.683262634277343750e+01
-6.602811431884765625e+01
-6.521111297607421875e+01
-6.438198852539062500e+01
-6.354108428955078125e+01
-6.268878555297851562e+01
-6.182542800903320312e+01
-6.095139312744140625e+01
-6.006703186035156250e+01
-5.917269897460937500e+01
-5.826876449584960938e+01
-5.735560607910156250e+01
-5.643366622924804688e+01
-5.550342178344726562e+01
-5.456533050537109375e+01
-5.361986541748046875e+01
-5.266749572753906250e+01
-5.170868682861328125e+01
-5.074390792846679688e+01
-4.977362060546875000e+01
-4.879829788208007812e+01
-4.781840896606445312e+01
-4.683441925048828125e+01
-4.584679031372070312e+01
-4.485599899291992188e+01
-4.386251068115234375e+01
-4.286678695678710938e+01
-4.186930084228515625e+01
-4.087052536010742188e+01
-3.987091445922851562e+01
-3.887094497680664062e+01
-3.787108230590820312e+01
-3.687179565429687500e+01
-3.587355041503906250e+01
-3.487681198120117188e+01
-3.388205337524414062e+01
-3.288973617553710938e+01
-3.190033912658691406e+01
-3.091431236267089844e+01
-2.993213844299316406e+01
-2.895428085327148438e+01
-2.798120117187500000e+01
-2.701337432861328125e+01
-2.605126571655273438e+01
-2.509534263610839844e+01
-2.414607048034667969e+01
-2.320391845703125000e+01
-2.226935577392578125e+01
-2.134284973144531250e+01
-2.042486381530761719e+01
-1.951587104797363281e+01
-1.861633682250976562e+01
-1.772672653198242188e+01
-1.684751129150390625e+01
-1.597915554046630859e+01
-1.512213039398193359e+01
-1.427689933776855469e+01
-1.344393253326416016e+01
-1.262369728088378906e+01
-1.181666183471679688e+01
-1.102329158782958984e+01
-1.024399757385253906e+01
-9.478960990905761719e+00
-8.728302955627441406e+00
-7.992147445678710938e+00
-7.270616054534912109e+00
-6.563831806182861328e+00
-5.871916294097900391e+00
-5.194993495941162109e+00
-4.533185005187988281e+00
-3.886614561080932617e+00
-3.255403757095336914e+00
-2.639675378799438477e+00
-2.039551973342895508e+00
-1.455156326293945312e+00
-8.866111636161804199e-01
-3.340386748313903809e-01
2.024382650852203369e-01
7.226971983909606934e-01
1.226615309715270996e+00
1.714070320129394531e+00
2.184939384460449219e+00
2.639100313186645508e+00
3.076429843902587891e+00
3.496805667877197266e+00
3.900105714797973633e+00
4.286206722259521484e+00
4.654986381530761719e+00
5.006321907043457031e+00
5.340090751647949219e+00
5.656170845031738281e+00
5.954439163208007812e+00
6.234772682189941406e+00
6.497049331665039062e+00
6.741146564483642578e+00
6.966941833496093750e+00
7.174312114715576172e+00
7.363135814666748047e+00
7.533288478851318359e+00
7.684649467468261719e+00
7.817095279693603516e+00
7.930502891540527344e+00
8.024749755859375000e+00
8.099714279174804688e+00
8.155274391174316406e+00
8.191305160522460938e+00
8.207685470581054688e+00
8.204293251037597656e+00
8.181004524230957031e+00
8.137697219848632812e+00
8.074249267578125000e+00
7.990605354309082031e+00
7.886976718902587891e+00
7.763643741607666016e+00
7.620885848999023438e+00
7.458982944488525391e+00
7.278215408325195312e+00
7.078860759735107422e+00
6.861200332641601562e+00
6.625513553619384766e+00
6.372079372406005859e+00
6.101178169250488281e+00
5.813089370727539062e+00
5.508091926574707031e+00
5.186466693878173828e+00
4.848492145538330078e+00
4.494448661804199219e+00
4.124615192413330078e+00
3.739272356033325195e+00
3.338698863983154297e+00
2.923174381256103516e+00
2.492979288101196289e+00
2.048392534255981445e+00
1.589694023132324219e+00
1.117163181304931641e+00
6.310798525810241699e-01
1.317235678434371948e-01
-3.806260526180267334e-01
-9.056893587112426758e-01
-1.443186640739440918e+00
-1.992838621139526367e+00
-2.554365158081054688e+00
-3.127486944198608398e+00
-3.711924314498901367e+00
-4.307397842407226562e+00
-4.913627147674560547e+00
-5.530333518981933594e+00
-6.157236576080322266e+00
-6.794057846069335938e+00
-7.440516471862792969e+00
-8.096333503723144531e+00
-8.761228561401367188e+00
-9.434922218322753906e+00
-1.011713600158691406e+01
-1.080758953094482422e+01
-1.150600242614746094e+01
-1.221209526062011719e+01
-1.292559051513671875e+01
-1.364620590209960938e+01
-1.437366294860839844e+01
-1.510768222808837891e+01
-1.584797000885009766e+01
-1.659418296813964844e+01
-1.734595870971679688e+01
-1.810294342041015625e+01
-1.886477470397949219e+01
-1.963109588623046875e+01
-2.040154838562011719e+01
-2.117577171325683594e+01
-2.195341110229492188e+01
-2.273410606384277344e+01
-2.351749420166015625e+01
-2.430322265625000000e+01
-2.509093093872070312e+01
-2.588026046752929688e+01
-2.667085266113281250e+01
-2.746234893798828125e+01
-2.825439071655273438e+01
-2.904661750793457031e+01
-2.983867454528808594e+01
-3.063020133972167969e+01
-3.142083930969238281e+01
-3.221022796630859375e+01
-3.299801254272460938e+01
-3.378383255004882812e+01
-3.456732940673828125e+01
-3.534814071655273438e+01
-3.612591934204101562e+01
-3.690029525756835938e+01
-3.767091369628906250e+01
-3.843741607666015625e+01
-3.919944381713867188e+01
-3.995664215087890625e+01
-4.070864868164062500e+01
-4.145510101318359375e+01
-4.219564437866210938e+01
-4.292992401123046875e+01
-4.365757751464843750e+01
-4.437824630737304688e+01
-4.509157562255859375e+01
-4.579719924926757812e+01
-4.649476242065429688e+01
-4.718391036987304688e+01
-4.786427688598632812e+01
-4.853551101684570312e+01
-4.919725418090820312e+01
-4.984914016723632812e+01
-5.049081420898437500e+01
-5.112192153930664062e+01
-5.174209976196289062e+01
-5.235099029541015625e+01
-5.294828033447265625e+01
-5.353382492065429688e+01
-5.410753631591796875e+01
-5.466930770874023438e+01
-5.521904754638671875e+01
-5.575665664672851562e+01
-5.628203964233398438e+01
-5.679510116577148438e+01
-5.729574584960937500e+01
-5.778386688232421875e+01
-5.825938034057617188e+01
-5.872218322753906250e+01
-5.917218017578125000e+01
-5.960927581787109375e+01
-6.003336715698242188e+01
-6.044436264038085938e+01
-6.084216308593750000e+01
-6.122667312622070312e+01
-6.159780120849609375e+01
-6.195544052124023438e+01
-6.229949951171875000e+01
-6.262987899780273438e+01
-6.294648742675781250e+01
-6.324922180175781250e+01
-6.353799057006835938e+01
-6.381269836425781250e+01
-6.407324218750000000e+01
-6.431951904296875000e+01
-6.455145263671875000e+01
-6.476892852783203125e+01
-6.497186279296875000e+01
-6.516014862060546875e+01
-6.533368682861328125e+01
-6.549239349365234375e+01
-6.563616180419921875e+01
-6.576489257812500000e+01
-6.587850189208984375e+01
-6.597688293457031250e+01
-6.605994415283203125e+01
-6.612757873535156250e+01
-6.617970275878906250e+01
-6.621620941162109375e+01
-6.623701477050781250e+01
-6.624200439453125000e+01
-6.623110198974609375e+01
-6.620419311523437500e+01
-6.616117858886718750e+01
-6.610198974609375000e+01
-6.602649688720703125e+01
-6.593461608886718750e+01
-6.582630920410156250e+01
-6.570172882080078125e+01
-6.556108093261718750e+01
-6.540458679199218750e+01
-6.523245239257812500e+01
-6.504488372802734375e+01
-6.484210205078125000e+01
-6.462430572509765625e+01
-6.439171600341796875e+01
-6.414453887939453125e+01
-6.388298416137695312e+01
-6.360726928710937500e+01
-6.331759643554687500e+01
-6.301417541503906250e+01
-6.269722747802734375e+01
-6.236695861816406250e+01
-6.202357482910156250e+01
-6.166728973388671875e+01
-6.129832077026367188e+01
-6.091686630249023438e+01
-6.052315139770507812e+01
-6.011737060546875000e+01
-5.969975280761718750e+01
-5.927049255371093750e+01
-5.882980728149414062e+01
-5.837791061401367188e+01
-5.791501235961914062e+01
-5.744131851196289062e+01
-5.695704269409179688e+01
-5.646239471435546875e+01
-5.595758819580078125e+01
-5.544283294677734375e+01
-5.491834259033203125e+01
-5.438431549072265625e+01
-5.384098052978515625e+01
-5.328853607177734375e+01
-5.272719573974609375e+01
-5.215717315673828125e+01
-5.157867050170898438e+01
-5.099190902709960938e+01
-5.039709472656250000e+01
-4.979444122314453125e+01
-4.918415069580078125e+01
-4.856644439697265625e+01
-4.794152832031250000e+01
-4.730961990356445312e+01
-4.667091751098632812e+01
-4.602563858032226562e+01
-4.537399291992187500e+01
-4.471619796752929688e+01
-4.405246353149414062e+01
-4.338306808471679688e+01
-4.270829010009765625e+01
-4.202840805053710938e+01
-4.134370422363281250e+01
-4.065445709228515625e+01
-3.996094894409179688e+01
-3.926346206665039062e+01
-3.856227493286132812e+01
-3.785766601562500000e+01
-3.714991760253906250e+01
-3.643931198120117188e+01
-3.572613143920898438e+01
-3.501064682006835938e+01
-3.429314804077148438e+01
-3.357391357421875000e+01
-3.285322189331054688e+01
-3.213135147094726562e+01
-3.140858840942382812e+01
-3.068521308898925781e+01
-2.996150207519531250e+01
-2.923773765563964844e+01
-2.851419830322265625e+01
-2.779117012023925781e+01
-2.706892776489257812e+01
-2.634775352478027344e+01
-2.562792778015136719e+01
-2.490973281860351562e+01
-2.419344711303710938e+01
-2.347935295104980469e+01
-2.276772880554199219e+01
-2.205885696411132812e+01
-2.135301971435546875e+01
-2.065048980712890625e+01
-1.995155715942382812e+01
-1.925649642944335938e+01
-1.856559181213378906e+01
-1.787911987304687500e+01
-1.719736480712890625e+01
-1.652060317993164062e+01
-1.584911918640136719e+01
-1.518319129943847656e+01
-1.452310085296630859e+01
-1.386912918090820312e+01
-1.322155475616455078e+01
-1.258065986633300781e+01
-1.194672393798828125e+01
-1.132002830505371094e+01
-1.070085334777832031e+01
-1.008947753906250000e+01
-9.486152648925781250e+00
-8.891000747680664062e+00
-8.304112434387207031e+00
-7.725580215454101562e+00
-7.155493259429931641e+00
-6.593944549560546875e+00
-6.041024684906005859e+00
-5.496824741363525391e+00
-4.961436271667480469e+00
-4.434950828552246094e+00
-3.917458772659301758e+00
-3.409052610397338867e+00
-2.909822463989257812e+00
-2.419860124588012695e+00
-1.939256906509399414e+00
-1.468103885650634766e+00
-1.006492257118225098e+00
-5.545133352279663086e-01
-1.122584566473960876e-01
3.201812207698822021e-01
7.427143454551696777e-01
1.155249834060668945e+00
1.557696104049682617e+00
1.949962377548217773e+00
2.331956863403320312e+00
2.703588724136352539e+00
3.064766645431518555e+00
3.415399312973022461e+00
3.755395174026489258e+00
4.084663391113281250e+00
4.403112888336181641e+00
4.710651874542236328e+00
5.007188796997070312e+00
5.292634010314941406e+00
5.566894054412841797e+00
5.829879760742187500e+00
6.081498146057128906e+00
6.321659088134765625e+00
6.550270557403564453e+00
6.767242431640625000e+00
6.972481727600097656e+00
7.165899276733398438e+00
7.347402572631835938e+00
7.516900062561035156e+00
7.674300193786621094e+00
7.819513797760009766e+00
7.952448368072509766e+00
8.073011398315429688e+00
8.181113243103027344e+00
8.276662826538085938e+00
8.359606742858886719e+00
8.430047035217285156e+00
8.488126754760742188e+00
8.533984184265136719e+00
8.567761421203613281e+00
8.589600563049316406e+00
8.599641799926757812e+00
8.598026275634765625e+00
8.584895133972167969e+00
8.560388565063476562e+00
8.524649620056152344e+00
8.477817535400390625e+00
8.420033454895019531e+00
8.351440429687500000e+00
8.272176742553710938e+00
8.182384490966796875e+00
8.082205772399902344e+00
7.971780300140380859e+00
7.851249694824218750e+00
7.720755100250244141e+00
7.580437660217285156e+00
7.430437564849853516e+00
7.270897388458251953e+00
7.101956367492675781e+00
6.923757076263427734e+00
6.736439704895019531e+00
6.540145874023437500e+00
6.335016250610351562e+00
6.121191501617431641e+00
5.898813247680664062e+00
5.668023109436035156e+00
5.428960800170898438e+00
5.181767940521240234e+00
4.926586151123046875e+00
4.663555622100830078e+00
4.392817974090576172e+00
4.114514350891113281e+00
3.828785181045532227e+00
3.535772085189819336e+00
3.235615730285644531e+00
2.928457498550415039e+00
2.614438056945800781e+00
2.293699026107788086e+00
1.966380834579467773e+00
1.632624745368957520e+00
1.292572021484375000e+00
9.463636279106140137e-01
5.941404104232788086e-01
2.360436618328094482e-01
-1.277856677770614624e-01
-4.971960484981536865e-01
-8.719942569732666016e-01
-1.251976490020751953e+00
-1.636939048767089844e+00
-2.026678085327148438e+00
-2.420990228652954102e+00
-2.819671392440795898e+00
-3.222517728805541992e+00
-3.629325866699218750e+00
-4.039892196655273438e+00
-4.454012393951416016e+00
-4.871483325958251953e+00
-5.292100429534912109e+00
-5.715661525726318359e+00
-6.141961097717285156e+00
-6.570796489715576172e+00
-7.001963138580322266e+00
-7.435258865356445312e+00
-7.870478153228759766e+00
-8.307418823242187500e+00
-8.745875358581542969e+00
-9.185645103454589844e+00
-9.626524925231933594e+00
-1.006830978393554688e+01
-1.051079654693603516e+01
-1.095378208160400391e+01
-1.139706230163574219e+01
-1.184043312072753906e+01
-1.228369140625000000e+01
-1.272663211822509766e+01
-1.316905307769775391e+01
-1.361074924468994141e+01
-1.405151653289794922e+01
-1.449115371704101562e+01
-1.492945480346679688e+01
-1.536621761322021484e+01
-1.580123710632324219e+01
-1.623431015014648438e+01
-1.666523170471191406e+01
-1.709379959106445312e+01
-1.751981163024902344e+01
-1.794306182861328125e+01
-1.836334419250488281e+01
-1.878046035766601562e+01
-1.919420242309570312e+01
-1.960436820983886719e+01
-2.001075363159179688e+01
-2.041315650939941406e+01
-2.081137084960937500e+01
-2.120519447326660156e+01
-2.159444236755371094e+01
-2.197901725769042969e+01
-2.235884094238281250e+01
-2.273383331298828125e+01
-2.310391807556152344e+01
-2.346901321411132812e+01
-2.382904434204101562e+01
-2.418393135070800781e+01
-2.453359413146972656e+01
-2.487795829772949219e+01
-2.521693992614746094e+01
-2.555046463012695312e+01
-2.587845230102539062e+01
-2.620082664489746094e+01
-2.651750564575195312e+01
-2.682841491699218750e+01
-2.713347244262695312e+01
-2.743260002136230469e+01
-2.772572326660156250e+01
-2.801275825500488281e+01
-2.829362869262695312e+01
-2.856825828552246094e+01
-2.883656692504882812e+01
-2.909847450256347656e+01
-2.935390472412109375e+01
-2.960277938842773438e+01
-2.984501647949218750e+01
-3.008054161071777344e+01
-3.030927467346191406e+01
-3.053114128112792969e+01
-3.074605369567871094e+01
-3.095394325256347656e+01
-3.115472602844238281e+01
-3.134832382202148438e+01
-3.153465843200683594e+01
-3.171365165710449219e+01
-3.188522720336914062e+01
-3.204930496215820312e+01
-3.220580291748046875e+01
-3.235465240478515625e+01
-3.249576187133789062e+01
-3.262906265258789062e+01
-3.275447845458984375e+01
-3.287191772460937500e+01
-3.298131179809570312e+01
-3.308258056640625000e+01
-3.317564773559570312e+01
-3.326043319702148438e+01
-3.333685302734375000e+01
-3.340483474731445312e+01
-3.346432876586914062e+01
-3.351538848876953125e+01
-3.355810928344726562e+01
-3.359256744384765625e+01
-3.361885833740234375e+01
-3.363706970214843750e+01
-3.364728164672851562e+01
-3.364958190917968750e+01
-3.364406585693359375e+01
-3.363080978393554688e+01
-3.360990905761718750e+01
-3.358144760131835938e+01
-3.354550933837890625e+01
-3.350218963623046875e+01
-3.345156478881835938e+01
-3.339372634887695312e+01
-3.332876205444335938e+01
-3.325675964355468750e+01
-3.317780685424804688e+01
-3.309199142456054688e+01
-3.299938964843750000e+01
-3.290010452270507812e+01
-3.279421234130859375e+01
-3.268180084228515625e+01
-3.256296157836914062e+01
-3.243777847290039062e+01
-3.230633926391601562e+01
-3.216873168945312500e+01
-3.202503967285156250e+01
-3.187535285949707031e+01
-3.171975898742675781e+01
-3.155834197998046875e+01
-3.139119338989257812e+01
-3.121839332580566406e+01
-3.104003906250000000e+01
-3.085620498657226562e+01
-3.066698837280273438e+01
-3.047247123718261719e+01
-3.027273941040039062e+01
-3.006788444519042969e+01
-2.985799026489257812e+01
-2.964314842224121094e+01
-2.942343521118164062e+01
-2.919894981384277344e+01
-2.896977233886718750e+01
-2.873598861694335938e+01
-2.849769020080566406e+01
-2.825496482849121094e+01
-2.800789451599121094e+01
-2.775656700134277344e+01
-2.750108146667480469e+01
-2.724156951904296875e+01
-2.697816848754882812e+01
-2.671101570129394531e+01
-2.644025993347167969e+01
-2.616603469848632812e+01
-2.588848304748535156e+01
-2.560774421691894531e+01
-2.532395935058593750e+01
-2.503726768493652344e+01
-2.474781036376953125e+01
-2.445572853088378906e+01
-2.416116142272949219e+01
-2.386424827575683594e+01
-2.356512832641601562e+01
-2.326394653320312500e+01
-2.296084022521972656e+01
-2.265594863891601562e+01
-2.234941291809082031e+01
-2.204137611389160156e+01
-2.173197364807128906e+01
-2.142135047912597656e+01
-2.110964393615722656e+01
-2.079699325561523438e+01
-2.048354148864746094e+01
-2.016942977905273438e+01
-1.985479545593261719e+01
-1.953977775573730469e+01
-1.922452163696289062e+01
-1.890916252136230469e+01
-1.859384536743164062e+01
-1.827870559692382812e+01
-1.796388816833496094e+01
-1.764953041076660156e+01
-1.733577156066894531e+01
-1.702275466918945312e+01
-1.671061897277832031e+01
-1.639950561523437500e+01
-1.608955383300781250e+01
-1.578090381622314453e+01
-1.547369575500488281e+01
-1.516806983947753906e+01
-1.486416721343994141e+01
-1.456212711334228516e+01
-1.426209068298339844e+01
-1.396419811248779297e+01
-1.366858863830566406e+01
-1.337540435791015625e+01
-1.308478450775146484e+01
-1.279686927795410156e+01
-1.251178455352783203e+01
-1.222960472106933594e+01
-1.195038700103759766e+01
-1.167419052124023438e+01
-1.140107440948486328e+01
-1.113109683990478516e+01
-1.086431694030761719e+01
-1.060079479217529297e+01
-1.034058666229248047e+01
-1.008375358581542969e+01
-9.830352783203125000e+00
-9.580444335937500000e+00
-9.334086418151855469e+00
-9.091337203979492188e+00
-8.852256774902343750e+00
-8.616902351379394531e+00
-8.385334014892578125e+00
-8.157610893249511719e+00
-7.933791160583496094e+00
-7.713932514190673828e+00
-7.498095512390136719e+00
-7.286338329315185547e+00
-7.078718662261962891e+00
-6.875297069549560547e+00
-6.676131725311279297e+00
-6.481280803680419922e+00
-6.290803909301757812e+00
-6.104759216308593750e+00
-5.923205852508544922e+00
-5.746202945709228516e+00
-5.573808670043945312e+00
-5.406081676483154297e+00
-5.243082046508789062e+00
-5.084867000579833984e+00
-4.931496143341064453e+00
-4.783028125762939453e+00
-4.639522075653076172e+00
-4.501036167144775391e+00
-4.367629528045654297e+00
-4.239360809326171875e+00
-4.116289615631103516e+00
-3.998472929000854492e+00
-3.885971546173095703e+00
-3.778842926025390625e+00
-3.677146673202514648e+00
-3.580940961837768555e+00
-3.490285396575927734e+00
-3.405237674713134766e+00
-3.325857400894165039e+00
-3.252202987670898438e+00
-3.184314250946044922e+00
-3.122154235839843750e+00
-3.065666198730468750e+00
-3.014794349670410156e+00
-2.969481945037841797e+00
-2.929673194885253906e+00
-2.895311355590820312e+00
-2.866340160369873047e+00
-2.842703819274902344e+00
-2.824345350265502930e+00
-2.811209201812744141e+00
-2.803238391876220703e+00
-2.800377130508422852e+00
-2.802568674087524414e+00
-2.809757232666015625e+00
-2.821886301040649414e+00
-2.838899850845336914e+00
-2.860740900039672852e+00
-2.887353897094726562e+00
-2.918681859970092773e+00
-2.954669237136840820e+00
-2.995259284973144531e+00
-3.040395975112915039e+00
-3.090022802352905273e+00
-3.144083738327026367e+00
-3.202522039413452148e+00
-3.265281915664672852e+00
-3.332306861877441406e+00
-3.403540372848510742e+00
-3.478926420211791992e+00
-3.558408975601196289e+00
-3.641931056976318359e+00
-3.729437112808227539e+00
-3.820870161056518555e+00
-3.916174650192260742e+00
-4.015294075012207031e+00
-4.118171691894531250e+00
-4.224751472473144531e+00
-4.334977149963378906e+00
-4.448792457580566406e+00
-4.566141128540039062e+00
-4.686967372894287109e+00
-4.811213970184326172e+00
-4.938824653625488281e+00
-5.069744110107421875e+00
-5.203915596008300781e+00
-5.341281890869140625e+00
-5.481788635253906250e+00
-5.625377655029296875e+00
-5.771993637084960938e+00
-5.921573162078857422e+00
-6.074026584625244141e+00
-6.229255676269531250e+00
-6.387163162231445312e+00
-6.547653198242187500e+00
-6.710627555847167969e+00
-6.875989437103271484e+00
-7.043641090393066406e+00
-7.213485240936279297e+00
-7.385425567626953125e+00
-7.559365272521972656e+00
-7.735205173492431641e+00
-7.912849903106689453e+00
-8.092201232910156250e+00
-8.273162841796875000e+00
-8.455636978149414062e+00
-8.639526367187500000e+00
-8.824733734130859375e+00
-9.011161804199218750e+00
-9.198715209960937500e+00
-9.387293815612792969e+00
-9.576802253723144531e+00
-9.767143249511718750e+00
-9.958218574523925781e+00
-1.014993190765380859e+01
-1.034218692779541016e+01
-1.053488540649414062e+01
-1.072792911529541016e+01
-1.092122268676757812e+01
-1.111466693878173828e+01
-1.130816745758056641e+01
-1.150162506103515625e+01
-1.169494247436523438e+01
-1.188802433013916016e+01
-1.208077049255371094e+01
-1.227308559417724609e+01
-1.246487331390380859e+01
-1.265603542327880859e+01
-1.284647369384765625e+01
-1.303609275817871094e+01
-1.322479343414306641e+01
-1.341248130798339844e+01
-1.359905719757080078e+01
-1.378442287445068359e+01
-1.396848487854003906e+01
-1.415114212036132812e+01
-1.433229923248291016e+01
-1.451185894012451172e+01
-1.468972396850585938e+01
-1.486579799652099609e+01
-1.503998947143554688e+01
-1.521224880218505859e+01
-1.538252830505371094e+01
-1.555078315734863281e+01
-1.571696949005126953e+01
-1.588104343414306641e+01
-1.604295539855957031e+01
-1.620266723632812500e+01
-1.636012649536132812e+01
-1.651529502868652344e+01
-1.666812515258789062e+01
-1.681856918334960938e+01
-1.696658706665039062e+01
-1.711212921142578125e+01
-1.725515365600585938e+01
-1.739561653137207031e+01
-1.753346824645996094e+01
-1.766866874694824219e+01
-1.780116844177246094e+01
-1.793092727661132812e+01
-1.805789756774902344e+01
-1.818203353881835938e+01
-1.830329322814941406e+01
-1.842162895202636719e+01
-1.853699684143066406e+01
-1.864935111999511719e+01
-1.875864791870117188e+01
-1.886484146118164062e+01
-1.896788787841796875e+01
-1.906774139404296875e+01
-1.916435623168945312e+01
-1.925769042968750000e+01
-1.934769439697265625e+01
-1.943432807922363281e+01
-1.951754188537597656e+01
-1.959729385375976562e+01
-1.967353820800781250e+01
-1.974623298645019531e+01
-1.981532669067382812e+01
-1.988077926635742188e+01
-1.994254684448242188e+01
-2.000057983398437500e+01
-2.005483627319335938e+01
-2.010527038574218750e+01
-2.015183639526367188e+01
-2.019449234008789062e+01
-2.023318862915039062e+01
-2.026788711547851562e+01
-2.029853439331054688e+01
-2.032509422302246094e+01
-2.034752655029296875e+01
-2.036585998535156250e+01
-2.038012504577636719e+01
-2.039035987854003906e+01
-2.039659881591796875e+01
-2.039888000488281250e+01
-2.039723205566406250e+01
-2.039169692993164062e+01
-2.038230514526367188e+01
-2.036909484863281250e+01
-2.035210227966308594e+01
-2.033135795593261719e+01
-2.030690193176269531e+01
-2.027876472473144531e+01
-2.024698829650878906e+01
-2.021160125732421875e+01
-2.017264175415039062e+01
-2.013014793395996094e+01
-2.008415031433105469e+01
-2.003468322753906250e+01
-1.998178863525390625e+01
-1.992549705505371094e+01
-1.986584281921386719e+01
-1.980286407470703125e+01
-1.973659515380859375e+01
-1.966706848144531250e+01
-1.959432601928710938e+01
-1.951839637756347656e+01
-1.943931770324707031e+01
-1.935712623596191406e+01
-1.927185440063476562e+01
-1.918354034423828125e+01
-1.909221649169921875e+01
-1.899792098999023438e+01
-1.890068817138671875e+01
-1.880055046081542969e+01
-1.869754791259765625e+01
-1.859171295166015625e+01
-1.848308181762695312e+01
-1.837168884277343750e+01
-1.825756835937500000e+01
-1.814075660705566406e+01
-1.802129173278808594e+01
-1.789920616149902344e+01
-1.777453422546386719e+01
-1.764731216430664062e+01
-1.751757812500000000e+01
-1.738536262512207031e+01
-1.725070381164550781e+01
-1.711363601684570312e+01
-1.697419929504394531e+01
-1.683246040344238281e+01
-1.668848037719726562e+01
-1.654233741760253906e+01
-1.639409065246582031e+01
-1.624381446838378906e+01
-1.609157562255859375e+01
-1.593744277954101562e+01
-1.578148174285888672e+01
-1.562376499176025391e+01
-1.546435928344726562e+01
-1.530333232879638672e+01
-1.514075374603271484e+01
-1.497669124603271484e+01
-1.481121444702148438e+01
-1.464439010620117188e+01
-1.447628784179687500e+01
-1.430697536468505859e+01
-1.413652038574218750e+01
-1.396499252319335938e+01
-1.379246044158935547e+01
-1.361899471282958984e+01
-1.344465732574462891e+01
-1.326952362060546875e+01
-1.309365749359130859e+01
-1.291712951660156250e+01
-1.274000835418701172e+01
-1.256235980987548828e+01
-1.238425636291503906e+01
-1.220576286315917969e+01
-1.202694988250732422e+01
-1.184788513183593750e+01
-1.166863727569580078e+01
-1.148927402496337891e+01
-1.130986499786376953e+01
-1.113047790527343750e+01
-1.095118045806884766e+01
-1.077204322814941406e+01
-1.059313392639160156e+01
-1.041451835632324219e+01
-1.023626899719238281e+01
-1.005845165252685547e+01
-9.881135940551757812e+00
-9.704389572143554688e+00
-9.528281211853027344e+00
-9.352878570556640625e+00
-9.178252220153808594e+00
-9.004468917846679688e+00
-8.831597328186035156e+00
-8.659706115722656250e+00
-8.488858222961425781e+00
-8.319095611572265625e+00
-8.150453567504882812e+00
-7.982969760894775391e+00
-7.816678524017333984e+00
-7.651618003845214844e+00
-7.487823963165283203e+00
-7.325331687927246094e+00
-7.164177417755126953e+00
-7.004398822784423828e+00
-6.846030712127685547e+00
-6.689110279083251953e+00
-6.533672809600830078e+00
-6.379755020141601562e+00
-6.227393627166748047e+00
-6.076623916625976562e+00
-5.927482604980468750e+00
-5.780005931854248047e+00
-5.634230136871337891e+00
-5.490191459655761719e+00
-5.347925662994384766e+00
-5.207469463348388672e+00
-5.068859100341796875e+00
-4.932130813598632812e+00
-4.797320365905761719e+00
-4.664463996887207031e+00
-4.533598899841308594e+00
-4.404760360717773438e+00
-4.277984619140625000e+00
-4.153308391571044922e+00
-4.030767917633056641e+00
-3.910398721694946289e+00
-3.792237520217895508e+00
-3.676320552825927734e+00
-3.562683820724487305e+00
-3.451364040374755859e+00
-3.342396974563598633e+00
-3.235818624496459961e+00
-3.131665945053100586e+00
-3.029974699020385742e+00
-2.930781126022338867e+00
-2.834121465682983398e+00
-2.740032196044921875e+00
-2.648549318313598633e+00
-2.559708833694458008e+00
-2.473547458648681641e+00
-2.390100955963134766e+00
-2.309405803680419922e+00
-2.231498241424560547e+00
-2.156414508819580078e+00
-2.084181308746337891e+00
-2.014789581298828125e+00
-1.948220133781433105e+00
-1.884454250335693359e+00
-1.823473215103149414e+00
-1.765258312225341797e+00
-1.709790349006652832e+00
-1.657051086425781250e+00
-1.607021331787109375e+00
-1.559682607650756836e+00
-1.515015721321105957e+00
-1.473002076148986816e+00
-1.433623075485229492e+00
-1.396859526634216309e+00
-1.362693071365356445e+00
-1.331104636192321777e+00
-1.302075386047363281e+00
-1.275586724281311035e+00
-1.251619696617126465e+00
-1.230155587196350098e+00
-1.211175680160522461e+00
-1.194661021232604980e+00
-1.180593013763427734e+00
-1.168952703475952148e+00
-1.159721255302429199e+00
-1.152879953384399414e+00
-1.148410081863403320e+00
-1.146292805671691895e+00
-1.146509289741516113e+00
-1.149040699005126953e+00
-1.153868317604064941e+00
-1.160973429679870605e+00
-1.170336961746215820e+00
-1.181940436363220215e+00
-1.195764780044555664e+00
-1.211791515350341797e+00
-1.230001688003540039e+00
-1.250376462936401367e+00
-1.272896885871887207e+00
-1.297544598579406738e+00
-1.324300527572631836e+00
-1.353145956993103027e+00
-1.384061932563781738e+00
-1.417029857635498047e+00
-1.452030777931213379e+00
-1.489046216011047363e+00
-1.528056979179382324e+00
-1.569044351577758789e+00
-1.611989855766296387e+00
-1.656874299049377441e+00
-1.703674912452697754e+00
-1.752350687980651855e+00
-1.802856922149658203e+00
-1.855148434638977051e+00
-1.909180402755737305e+00
-1.964907646179199219e+00
-2.022285461425781250e+00
-2.081268548965454102e+00
-2.141812086105346680e+00
-2.203871011734008789e+00
-2.267400741577148438e+00
-2.332355499267578125e+00
-2.398691177368164062e+00
-2.466361999511718750e+00
-2.535323381423950195e+00
-2.605530500411987305e+00
-2.676937818527221680e+00
-2.749500989913940430e+00
-2.823174715042114258e+00
-2.897913694381713867e+00
-2.973673582077026367e+00
-3.050408840179443359e+00
-3.128074884414672852e+00
-3.206626415252685547e+00
-3.286018848419189453e+00
-3.366206884384155273e+00
-3.447145223617553711e+00
-3.528789758682250977e+00
-3.611094474792480469e+00
-3.694015264511108398e+00
-3.777506351470947266e+00
-3.861523628234863281e+00
-3.946021556854248047e+00
-4.030955314636230469e+00
-4.116279125213623047e+00
-4.201949596405029297e+00
-4.287920475006103516e+00
-4.374147415161132812e+00
-4.460584640502929688e+00
-4.547188282012939453e+00
-4.633912086486816406e+00
-4.720712184906005859e+00
-4.807543754577636719e+00
-4.894360542297363281e+00
-4.981118202209472656e+00
-5.067771911621093750e+00
-5.154276371002197266e+00
-5.240587234497070312e+00
-5.326658725738525391e+00
-5.412446022033691406e+00
-5.497907161712646484e+00
-5.583012104034423828e+00
-5.667732715606689453e+00
-5.752042293548583984e+00
-5.835912704467773438e+00
-5.919316768646240234e+00
-6.002226352691650391e+00
-6.084615230560302734e+00
-6.166454792022705078e+00
-6.247717857360839844e+00
-6.328377246856689453e+00
-6.408405303955078125e+00
-6.487773895263671875e+00
-6.566456317901611328e+00
-6.644425392150878906e+00
-6.721652984619140625e+00
-6.798111438751220703e+00
-6.873773574829101562e+00
-6.948611736297607422e+00
-7.022599220275878906e+00
-7.095707416534423828e+00
-7.167909622192382812e+00
-7.239177703857421875e+00
-7.309484481811523438e+00
-7.378802776336669922e+00
-7.447104454040527344e+00
-7.514362812042236328e+00
-7.580550670623779297e+00
-7.645637989044189453e+00
-7.709600448608398438e+00
-7.772408962249755859e+00
-7.834036350250244141e+00
-7.894455432891845703e+00
-7.953638076782226562e+00
-8.011556625366210938e+00
-8.068183898925781250e+00
-8.123493194580078125e+00
-8.177456855773925781e+00
-8.230046272277832031e+00
-8.281234741210937500e+00
-8.330994606018066406e+00
-8.379298210144042969e+00
-8.426118850708007812e+00
-8.471427917480468750e+00
-8.515197753906250000e+00
-8.557402610778808594e+00
-8.598013877868652344e+00
-8.637003898620605469e+00
-8.674345970153808594e+00
-8.710011482238769531e+00
-8.743980407714843750e+00
-8.776253700256347656e+00
-8.806840896606445312e+00
-8.835749626159667969e+00
-8.862989425659179688e+00
-8.888568878173828125e+00
-8.912494659423828125e+00
-8.934777259826660156e+00
-8.955424308776855469e+00
-8.974444389343261719e+00
-8.991846084594726562e+00
-9.007638931274414062e+00
-9.021829605102539062e+00
-9.034427642822265625e+00
-9.045441627502441406e+00
-9.054880142211914062e+00
-9.062750816345214844e+00
-9.069062232971191406e+00
-9.073824882507324219e+00
-9.077044486999511719e+00
-9.078731536865234375e+00
-9.078893661499023438e+00
-9.077539443969726562e+00
-9.074677467346191406e+00
-9.070317268371582031e+00
-9.064465522766113281e+00
-9.057132720947265625e+00
-9.048324584960937500e+00
-9.038052558898925781e+00
-9.026324272155761719e+00
-9.013146400451660156e+00
-8.998530387878417969e+00
-8.982482910156250000e+00
-8.965012550354003906e+00
-8.946127891540527344e+00
-8.925838470458984375e+00
-8.904150962829589844e+00
-8.881076812744140625e+00
-8.856620788574218750e+00
-8.830794334411621094e+00
-8.803605079650878906e+00
-8.775060653686523438e+00
-8.745170593261718750e+00
-8.713942527770996094e+00
-8.681386947631835938e+00
-8.647509574890136719e+00
-8.612321853637695312e+00
-8.575828552246093750e+00
-8.538042068481445312e+00
-8.498968124389648438e+00
-8.458621025085449219e+00
-8.417023658752441406e+00
-8.374204635620117188e+00
-8.330192565917968750e+00
-8.285015106201171875e+00
-8.238700866699218750e+00
-8.191277503967285156e+00
-8.142775535583496094e+00
-8.093218803405761719e+00
-8.042639732360839844e+00
-7.991064548492431641e+00
-7.938521385192871094e+00
-7.885039329528808594e+00
-7.830645084381103516e+00
-7.775368213653564453e+00
-7.719236373901367188e+00
-7.662278175354003906e+00
-7.604521274566650391e+00
-7.545993804931640625e+00
-7.486723899841308594e+00
-7.426741123199462891e+00
-7.366072177886962891e+00
-7.304745674133300781e+00
-7.242790222167968750e+00
-7.180233001708984375e+00
-7.117103099822998047e+00
-7.053428649902343750e+00
-6.989237308502197266e+00
-6.924558162689208984e+00
-6.859418869018554688e+00
-6.793847560882568359e+00
-6.727872848510742188e+00
-6.661521911621093750e+00
-6.594824314117431641e+00
-6.527807235717773438e+00
-6.460498809814453125e+00
-6.392928600311279297e+00
-6.325123310089111328e+00
-6.257111549377441406e+00
-6.188921451568603516e+00
-6.120582103729248047e+00
-6.052120208740234375e+00
-5.983565330505371094e+00
-5.914945125579833984e+00
-5.846287250518798828e+00
-5.777621269226074219e+00
-5.708973884582519531e+00
-5.640374183654785156e+00
-5.571849822998046875e+00
-5.503428936004638672e+00
-5.435139179229736328e+00
-5.367000579833984375e+00
-5.299031734466552734e+00
-5.231252193450927734e+00
-5.163680553436279297e+00
-5.096335887908935547e+00
-5.029237747192382812e+00
-4.962404251098632812e+00
-4.895855426788330078e+00
-4.829609394073486328e+00
-4.763685703277587891e+00
-4.698103427886962891e+00
-4.632881164550781250e+00
-4.568037986755371094e+00
-4.503593921661376953e+00
-4.439566135406494141e+00
-4.375975608825683594e+00
-4.312839984893798828e+00
-4.250178337097167969e+00
-4.188010215759277344e+00
-4.126354694366455078e+00
-4.065230369567871094e+00
-4.004656791687011719e+00
-3.944652318954467773e+00
-3.885236501693725586e+00
-3.826428174972534180e+00
-3.768246173858642578e+00
-3.710710048675537109e+00
-3.653838396072387695e+00
-3.597649574279785156e+00
-3.542164087295532227e+00
-3.487399816513061523e+00
-3.433376550674438477e+00
-3.380112409591674805e+00
-3.327627420425415039e+00
-3.275939702987670898e+00
-3.225068807601928711e+00
-3.175033569335937500e+00
-3.125853061676025391e+00
-3.077546358108520508e+00
-3.030132293701171875e+00
-2.983629941940307617e+00
-2.938058376312255859e+00
-2.893436670303344727e+00
-2.849783897399902344e+00
-2.807118892669677734e+00
-2.765460729598999023e+00
-2.724828481674194336e+00
-2.685241222381591797e+00
-2.646717786788940430e+00
-2.609273195266723633e+00
-2.572907447814941406e+00
-2.537615776062011719e+00
-2.503394126892089844e+00
-2.470237970352172852e+00
-2.438143253326416016e+00
-2.407105207443237305e+00
-2.377119779586791992e+00
-2.348182678222656250e+00
-2.320289373397827148e+00
-2.293435335159301758e+00
-2.267616748809814453e+00
-2.242828845977783203e+00
-2.219067573547363281e+00
-2.196328639984130859e+00
-2.174607038497924805e+00
-2.153899431228637695e+00
-2.134200572967529297e+00
-2.115506887435913086e+00
-2.097813129425048828e+00
-2.081115961074829102e+00
-2.065410614013671875e+00
-2.050692319869995117e+00
-2.036957263946533203e+00
-2.024201154708862305e+00
-2.012419223785400391e+00
-2.001607656478881836e+00
-1.991761565208435059e+00
-1.982876896858215332e+00
-1.974949479103088379e+00
-1.967974662780761719e+00
-1.961948156356811523e+00
-1.956865668296813965e+00
-1.952722907066345215e+00
-1.949515461921691895e+00
-1.947239160537719727e+00
-1.945889472961425781e+00
-1.945462107658386230e+00
-1.945952773094177246e+00
-1.947357058525085449e+00
-1.949670553207397461e+00
-1.952889084815979004e+00
-1.957008361816406250e+00
-1.962023615837097168e+00
-1.967931151390075684e+00
-1.974726200103759766e+00
-1.982404351234436035e+00
-1.990961790084838867e+00
-2.000393390655517578e+00
-2.010695457458496094e+00
-2.021861314773559570e+00
-2.033876419067382812e+00
-2.046723365783691406e+00
-2.060385942459106445e+00
-2.074846982955932617e+00
-2.090090036392211914e+00
-2.106097936630249023e+00
-2.122853517532348633e+00
-2.140340805053710938e+00
-2.158542156219482422e+00
-2.177441120147705078e+00
-2.197021007537841797e+00
-2.217264652252197266e+00
-2.238155364990234375e+00
-2.259676456451416016e+00
-2.281810998916625977e+00
-2.304541826248168945e+00
-2.327852487564086914e+00
-2.351726055145263672e+00
-2.376145839691162109e+00
-2.401094913482666016e+00
-2.426556348800659180e+00
-2.452512979507446289e+00
-2.478948831558227539e+00
-2.505846261978149414e+00
-2.533189058303833008e+00
-2.560959815979003906e+00
-2.589142084121704102e+00
-2.617719173431396484e+00
-2.646673679351806641e+00
-2.675989151000976562e+00
-2.705648660659790039e+00
-2.735635280609130859e+00
-2.765932559967041016e+00
-2.796523571014404297e+00
-2.827390909194946289e+00
-2.858518600463867188e+00
-2.889889001846313477e+00
-2.921485662460327148e+00
-2.953291893005371094e+00
-2.985290765762329102e+00
-3.017465114593505859e+00
-3.049798488616943359e+00
-3.082273960113525391e+00
-3.114874601364135742e+00
-3.147583723068237305e+00
-3.180384397506713867e+00
-3.213259935379028320e+00
-3.246193408966064453e+00
-3.279167652130126953e+00
-3.312166213989257812e+00
-3.345171451568603516e+00
-3.378165721893310547e+00
-3.411131620407104492e+00
-3.444051742553710938e+00
-3.476907730102539062e+00
-3.509683370590209961e+00
-3.542360067367553711e+00
-3.574920654296875000e+00
-3.607347249984741211e+00
-3.639622449874877930e+00
-3.671729326248168945e+00
-3.703649044036865234e+00
-3.735365152359008789e+00
-3.766859769821166992e+00
-3.798115253448486328e+00
-3.829114198684692383e+00
-3.859838962554931641e+00
-3.890271663665771484e+00
-3.920395135879516602e+00
-3.950192213058471680e+00
-3.979644298553466797e+00
-4.008734703063964844e+00
-4.037445545196533203e+00
-4.065759181976318359e+00
-4.093657970428466797e+00
-4.121124744415283203e+00
-4.148141860961914062e+00
-4.174691677093505859e+00
-4.200756549835205078e+00
-4.226318836212158203e+00
-4.251361370086669922e+00
-4.275866508483886719e+00
-4.299816131591796875e+00
-4.323193073272705078e+00
-4.345980167388916016e+00
-4.368159294128417969e+00
-4.389713287353515625e+00
-4.410624504089355469e+00
-4.430874824523925781e+00
-4.450447559356689453e+00
-4.469324588775634766e+00
-4.487488746643066406e+00
-4.504921913146972656e+00
-4.521607398986816406e+00
-4.537526607513427734e+00
-4.552662372589111328e+00
-4.566997528076171875e+00
-4.580514430999755859e+00
-4.593194961547851562e+00
-4.605028152465820312e+00
-4.616024494171142578e+00
-4.626202106475830078e+00
-4.635576725006103516e+00
-4.644165992736816406e+00
-4.651987552642822266e+00
-4.659058094024658203e+00
-4.665393829345703125e+00
-4.671013355255126953e+00
-4.675932407379150391e+00
-4.680169105529785156e+00
-4.683740139007568359e+00
-4.686661720275878906e+00
-4.688952445983886719e+00
-4.690628051757812500e+00
-4.691706657409667969e+00
-4.692204475402832031e+00
-4.692139148712158203e+00
-4.691527843475341797e+00
-4.690386772155761719e+00
-4.688734054565429688e+00
-4.686586380004882812e+00
-4.683960437774658203e+00
-4.680873394012451172e+00
-4.677342414855957031e+00
-4.673385143280029297e+00
-4.669018268585205078e+00
-4.664258480072021484e+00
-4.659122943878173828e+00
-4.653628826141357422e+00
-4.647793769836425781e+00
-4.641634464263916016e+00
-4.635167598724365234e+00
-4.628410339355468750e+00
-4.621379852294921875e+00
-4.614093780517578125e+00
-4.606568813323974609e+00
-4.598821163177490234e+00
-4.590869426727294922e+00
-4.582729816436767578e+00
-4.574419021606445312e+00
-4.565955162048339844e+00
-4.557354450225830078e+00
-4.548634052276611328e+00
-4.539811611175537109e+00
-4.530903339385986328e+00
-4.521926879882812500e+00
-4.512899875640869141e+00
-4.503838062286376953e+00
-4.494759559631347656e+00
