# tt
1.079682495117187500e+03
1.016067932128906250e+03
9.543717041015625000e+02
9.062796020507812500e+02
8.711420898437500000e+02
8.466597900390625000e+02
8.301972656250000000e+02
8.199024047851562500e+02
8.144269409179687500e+02
8.123775024414062500e+02
8.138862304687500000e+02
8.176428833007812500e+02
8.222797851562500000e+02
8.281901245117187500e+02
8.359874267578125000e+02
8.454055175781250000e+02
8.559588012695312500e+02
8.671640625000000000e+02
8.786389160156250000e+02
8.904016113281250000e+02
9.025494995117187500e+02
9.150958251953125000e+02
9.280150146484375000e+02
9.412103271484375000e+02
9.546016235351562500e+02
9.682422485351562500e+02
9.821862792968750000e+02
9.963527832031250000e+02
1.010661987304687500e+03
1.025172607421875000e+03
1.039953125000000000e+03
1.054974975585937500e+03
1.070175781250000000e+03
1.085456787109375000e+03
1.100764282226562500e+03
1.116262817382812500e+03
1.132113403320312500e+03
1.148244873046875000e+03
1.164528564453125000e+03
1.180862548828125000e+03
1.197252563476562500e+03
1.213731201171875000e+03
1.230331176757812500e+03
1.247085327148437500e+03
1.264019531250000000e+03
1.281132934570312500e+03
1.298418334960937500e+03
1.315868286132812500e+03
1.333475708007812500e+03
1.351234985351562500e+03
1.369150512695312500e+03
1.387228393554687500e+03
1.405474975585937500e+03
1.423896362304687500e+03
1.442498046875000000e+03
1.461281005859375000e+03
1.480245361328125000e+03
1.499391479492187500e+03
1.518719238281250000e+03
1.538229736328125000e+03
1.557926757812500000e+03
1.577815307617187500e+03
1.597900146484375000e+03
1.618185913085937500e+03
1.638676391601562500e+03
1.659370849609375000e+03
1.680267211914062500e+03
1.701363525390625000e+03
1.722658081054687500e+03
1.744152221679687500e+03
1.765860229492187500e+03
1.787799560546875000e+03
1.809988037109375000e+03
1.832443115234375000e+03
1.855176513671875000e+03
1.878176391601562500e+03
1.901424926757812500e+03
1.924904296875000000e+03
1.948596801757812500e+03
1.972489135742187500e+03
1.996585205078125000e+03
2.020893554687500000e+03
2.045422363281250000e+03
2.070180419921875000e+03
2.095173339843750000e+03
2.120397705078125000e+03
2.145846435546875000e+03
2.171513671875000000e+03
2.197392822265625000e+03
2.223478271484375000e+03
2.249767089843750000e+03
2.276256835937500000e+03
2.302945312500000000e+03
2.329830322265625000e+03
2.356909179687500000e+03
2.384180175781250000e+03
2.411640625000000000e+03
2.439288574218750000e+03
2.467121337890625000e+03
2.495136718750000000e+03
2.523332763671875000e+03
2.551706787109375000e+03
2.580257080078125000e+03
2.608980468750000000e+03
2.637875244140625000e+03
2.666939208984375000e+03
2.696169677734375000e+03
2.725564697265625000e+03
2.755121826171875000e+03
2.784837646484375000e+03
2.814704589843750000e+03
2.844713134765625000e+03
2.874854492187500000e+03
2.905119873046875000e+03
2.935500244140625000e+03
2.965986083984375000e+03
2.996569091796875000e+03
3.027239990234375000e+03
3.057989257812500000e+03
3.088808837890625000e+03
3.119689453125000000e+03
3.150621582031250000e+03
3.181596679687500000e+03
3.212605468750000000e+03
3.243639160156250000e+03
3.274688720703125000e+03
3.305745361328125000e+03
3.336799560546875000e+03
3.367843017578125000e+03
3.398865966796875000e+03
3.429860595703125000e+03
3.460818115234375000e+03
3.491730224609375000e+03
3.522588867187500000e+03
3.553384765625000000e+03
3.584110351562500000e+03
3.614756591796875000e+03
3.645315673828125000e+03
3.675778564453125000e+03
3.706136718750000000e+03
3.736382812500000000e+03
3.766507324218750000e+03
3.796502197265625000e+03
3.826359130859375000e+03
3.856069824218750000e+03
3.885625244140625000e+03
3.915017578125000000e+03
3.944238037109375000e+03
3.973278320312500000e+03
4.002130371093750000e+03
4.030785400390625000e+03
4.059234863281250000e+03
4.087471191406250000e+03
4.115484863281250000e+03
4.143269042968750000e+03
4.170814453125000000e+03
4.198112792968750000e+03
4.225155273437500000e+03
4.251934570312500000e+03
4.278441894531250000e+03
4.304668457031250000e+03
4.330606933593750000e+03
4.356248046875000000e+03
4.381583984375000000e+03
4.406605957031250000e+03
4.431305664062500000e+03
4.455675292968750000e+03
4.479706054687500000e+03
4.503389160156250000e+03
4.526717773437500000e+03
4.549682128906250000e+03
4.572274414062500000e+03
4.594486328125000000e+03
4.616308593750000000e+03
4.637734863281250000e+03
4.658755859375000000e+03
4.679364746093750000e+03
4.699554199218750000e+03
4.719316894531250000e+03
4.738644531250000000e+03
4.757529785156250000e+03
4.775966308593750000e+03
4.793944824218750000e+03
4.811459472656250000e+03
4.828501953125000000e+03
4.845064941406250000e+03
4.861141113281250000e+03
4.876722167968750000e+03
4.891802246093750000e+03
4.906372070312500000e+03
4.920425292968750000e+03
4.933954101562500000e+03
4.946951171875000000e+03
4.959408691406250000e+03
4.971319335937500000e+03
4.982675781250000000e+03
4.993470214843750000e+03
5.003695312500000000e+03
5.013343750000000000e+03
5.022409179687500000e+03
5.030892578125000000e+03
5.038794433593750000e+03
5.046117187500000000e+03
5.052861816406250000e+03
5.059030273437500000e+03
5.064624023437500000e+03
5.069645019531250000e+03
5.074094238281250000e+03
5.077974121093750000e+03
5.081285156250000000e+03
5.084029785156250000e+03
5.086209472656250000e+03
5.087825683593750000e+03
5.088880371093750000e+03
5.089375000000000000e+03
5.089311035156250000e+03
5.088689453125000000e+03
5.087513183593750000e+03
5.085783203125000000e+03
5.083500488281250000e+03
5.080667480468750000e+03
5.077285644531250000e+03
5.073356445312500000e+03
5.068881835937500000e+03
5.063862792968750000e+03
5.058300781250000000e+03
5.052198730468750000e+03
5.045556640625000000e+03
5.038377441406250000e+03
5.030662109375000000e+03
5.022411621093750000e+03
5.013628906250000000e+03
5.004314941406250000e+03
4.994470703125000000e+03
4.984099121093750000e+03
4.973200683593750000e+03
4.961777832031250000e+03
4.949831054687500000e+03
4.937363281250000000e+03
4.924375488281250000e+03
4.910869140625000000e+03
4.896845703125000000e+03
4.882306640625000000e+03
4.867254882812500000e+03
4.851690917968750000e+03
4.835616210937500000e+03
4.819033203125000000e+03
4.801942871093750000e+03
4.784346679687500000e+03
4.766248535156250000e+03
4.747655761718750000e+03
4.728580078125000000e+03
4.709030761718750000e+03
4.689019042968750000e+03
4.668553222656250000e+03
4.647645507812500000e+03
4.626305175781250000e+03
4.604542968750000000e+03
4.582368164062500000e+03
4.559791503906250000e+03
4.536823730468750000e+03
4.513474121093750000e+03
4.489753417968750000e+03
4.465671875000000000e+03
4.441239257812500000e+03
4.416466308593750000e+03
4.391362792968750000e+03
4.365939453125000000e+03
4.340206054687500000e+03
4.314172851562500000e+03
4.287850097656250000e+03
4.261248535156250000e+03
4.234377441406250000e+03
4.207248046875000000e+03
4.179869628906250000e+03
4.152252929687500000e+03
4.124407714843750000e+03
4.096344726562500000e+03
4.068073730468750000e+03
4.039605224609375000e+03
4.010949462890625000e+03
3.982116699218750000e+03
3.953116943359375000e+03
3.923960449218750000e+03
3.894657470703125000e+03
3.865218017578125000e+03
3.835652587890625000e+03
3.805971435546875000e+03
3.776184570312500000e+03
3.746302001953125000e+03
3.716334472656250000e+03
3.686291748046875000e+03
3.656184326171875000e+03
3.626022216796875000e+03
3.595815673828125000e+03
3.565575683593750000e+03
3.535311035156250000e+03
3.505032470703125000e+03
3.474750976562500000e+03
3.444475585937500000e+03
3.414214843750000000e+03
3.383977294921875000e+03
3.353770507812500000e+03
3.323603027343750000e+03
3.293482910156250000e+03
3.263417968750000000e+03
3.233416503906250000e+03
3.203486816406250000e+03
3.173636718750000000e+03
3.143874511718750000e+03
3.114208251953125000e+03
3.084645996093750000e+03
3.055196044921875000e+03
3.025866210937500000e+03
2.996665039062500000e+03
2.967600097656250000e+03
2.938679931640625000e+03
2.909912597656250000e+03
2.881305908203125000e+03
2.852868408203125000e+03
2.824607910156250000e+03
2.796532714843750000e+03
2.768650634765625000e+03
2.740970214843750000e+03
2.713499267578125000e+03
2.686246093750000000e+03
2.659218505859375000e+03
2.632424804687500000e+03
2.605873291015625000e+03
2.579571533203125000e+03
2.553528564453125000e+03
2.527751708984375000e+03
2.502249023437500000e+03
2.477029296875000000e+03
2.452100097656250000e+03
2.427469726562500000e+03
2.403146240234375000e+03
2.379137939453125000e+03
2.355452636718750000e+03
2.332098632812500000e+03
2.309084228515625000e+03
2.286416992187500000e+03
2.264105712890625000e+03
2.242157958984375000e+03
2.220581787109375000e+03
2.199385986328125000e+03
2.178578125000000000e+03
2.158166259765625000e+03
2.138158935546875000e+03
2.118562500000000000e+03
2.099377929687500000e+03
2.080604248046875000e+03
2.062241455078125000e+03
2.044288574218750000e+03
2.026745117187500000e+03
2.009610351562500000e+03
1.992883666992187500e+03
1.976564697265625000e+03
1.960652587890625000e+03
1.945146972656250000e+03
1.930046875000000000e+03
1.915352050781250000e+03
1.901061767578125000e+03
1.887175170898437500e+03
1.873692138671875000e+03
1.860611694335937500e+03
1.847933471679687500e+03
1.835656616210937500e+03
1.823780639648437500e+03
1.812304809570312500e+03
1.801228759765625000e+03
1.790551879882812500e+03
1.780273315429687500e+03
1.770392700195312500e+03
1.760909301757812500e+03
1.751822631835937500e+03
1.743131835937500000e+03
1.734836547851562500e+03
1.726935791015625000e+03
1.719429565429687500e+03
1.712316772460937500e+03
1.705597045898437500e+03
1.699269653320312500e+03
1.693334106445312500e+03
1.687789672851562500e+03
1.682635864257812500e+03
1.677871948242187500e+03
1.673497314453125000e+03
1.669511596679687500e+03
1.665913940429687500e+03
1.662703735351562500e+03
1.659880493164062500e+03
1.657443603515625000e+03
1.655392456054687500e+03
1.653726318359375000e+03
1.652444824218750000e+03
1.651546997070312500e+03
1.651032592773437500e+03
1.650900878906250000e+03
1.651150146484375000e+03
1.651774414062500000e+03
1.652766967773437500e+03
1.654120727539062500e+03
1.655828735351562500e+03
1.657884033203125000e+03
1.660279785156250000e+03
1.663008789062500000e+03
1.666064331054687500e+03
1.669439453125000000e+03
1.673127075195312500e+03
1.677120239257812500e+03
1.681412231445312500e+03
1.685995727539062500e+03
1.690864135742187500e+03
1.696010253906250000e+03
1.701427368164062500e+03
1.707108154296875000e+03
1.713046020507812500e+03
1.719234008789062500e+03
1.725664916992187500e+03
1.732331909179687500e+03
1.739228027343750000e+03
1.746346557617187500e+03
1.753680175781250000e+03
1.761222045898437500e+03
1.768965209960937500e+03
1.776902954101562500e+03
1.785028076171875000e+03
1.793333740234375000e+03
1.801812866210937500e+03
1.810458618164062500e+03
1.819264038085937500e+03
1.828222167968750000e+03
1.837326049804687500e+03
1.846568725585937500e+03
1.855943115234375000e+03
1.865442382812500000e+03
1.875059814453125000e+03
1.884788085937500000e+03
1.894620361328125000e+03
1.904549682617187500e+03
1.914569335937500000e+03
1.924672119140625000e+03
1.934850952148437500e+03
1.945099365234375000e+03
1.955410034179687500e+03
1.965775878906250000e+03
1.976190307617187500e+03
1.986646240234375000e+03
1.997136840820312500e+03
2.007656494140625000e+03
2.018199829101562500e+03
2.028761230468750000e+03
2.039335327148437500e+03
2.049916503906250000e+03
2.060499023437500000e+03
2.071078125000000000e+03
2.081647705078125000e+03
2.092202636718750000e+03
2.102737060546875000e+03
2.113246093750000000e+03
2.123723388671875000e+03
2.134164550781250000e+03
2.144563232421875000e+03
2.154914306640625000e+03
2.165212158203125000e+03
2.175451416015625000e+03
2.185626708984375000e+03
2.195732177734375000e+03
2.205762695312500000e+03
2.215712646484375000e+03
2.225576660156250000e+03
2.235349121093750000e+03
2.245024414062500000e+03
2.254597412109375000e+03
2.264062500000000000e+03
2.273414062500000000e+03
2.282646972656250000e+03
2.291755126953125000e+03
2.300733642578125000e+03
2.309576660156250000e+03
2.318279052734375000e+03
2.326834960937500000e+03
2.335239013671875000e+03
2.343486083984375000e+03
2.351570312500000000e+03
2.359486083984375000e+03
2.367228515625000000e+03
2.374791503906250000e+03
2.382169921875000000e+03
2.389358154296875000e+03
2.396350830078125000e+03
2.403142333984375000e+03
2.409727294921875000e+03
2.416100097656250000e+03
2.422255615234375000e+03
2.428187988281250000e+03
2.433891601562500000e+03
2.439361572265625000e+03
2.444593017578125000e+03
2.449585693359375000e+03
2.454341064453125000e+03
2.458860107421875000e+03
2.463143554687500000e+03
2.467192138671875000e+03
2.471007080078125000e+03
2.474589599609375000e+03
2.477940185546875000e+03
2.481060058593750000e+03
2.483950439453125000e+03
2.486611816406250000e+03
2.489045410156250000e+03
2.491252441406250000e+03
2.493233398437500000e+03
2.494989501953125000e+03
2.496521728515625000e+03
2.497830810546875000e+03
2.498918212890625000e+03
2.499784423828125000e+03
2.500430664062500000e+03
2.500857666015625000e+03
2.501066894531250000e+03
2.501058837890625000e+03
2.500834716796875000e+03
2.500395263671875000e+03
2.499741699218750000e+03
2.498874755859375000e+03
2.497795898437500000e+03
2.496505615234375000e+03
2.495004882812500000e+03
2.493294677734375000e+03
2.491376464843750000e+03
2.489250732421875000e+03
2.486918701171875000e+03
2.484380859375000000e+03
2.481638671875000000e+03
2.478693115234375000e+03
2.475544921875000000e+03
2.472195312500000000e+03
2.468644775390625000e+03
2.464895019531250000e+03
2.460946533203125000e+03
2.456800048828125000e+03
2.452457031250000000e+03
2.447918457031250000e+03
2.443184814453125000e+03
2.438257568359375000e+03
2.433137451171875000e+03
2.427825439453125000e+03
2.422323242187500000e+03
2.416635253906250000e+03
2.410765869140625000e+03
2.404720703125000000e+03
2.398504150390625000e+03
2.392121582031250000e+03
2.385577636718750000e+03
2.378877197265625000e+03
2.372025146484375000e+03
2.365026855468750000e+03
2.357886962890625000e+03
2.350610107421875000e+03
2.343201660156250000e+03
2.335666259765625000e+03
2.328009033203125000e+03
2.320234863281250000e+03
2.312348632812500000e+03
2.304355224609375000e+03
2.296259765625000000e+03
2.288066894531250000e+03
2.279781494140625000e+03
2.271408935546875000e+03
2.262953613281250000e+03
2.254421142578125000e+03
2.245815917968750000e+03
2.237142822265625000e+03
2.228406982421875000e+03
2.219613281250000000e+03
2.210766601562500000e+03
2.201871826171875000e+03
2.192934326171875000e+03
2.183958251953125000e+03
2.174949218750000000e+03
2.165911865234375000e+03
2.156851074218750000e+03
2.147771728515625000e+03
2.138678955078125000e+03
2.129577636718750000e+03
2.120472412109375000e+03
2.111368896484375000e+03
2.102271240234375000e+03
2.093184570312500000e+03
2.084114257812500000e+03
2.075064697265625000e+03
2.066041259765625000e+03
2.057048339843750000e+03
2.048091308593750000e+03
2.039174804687500000e+03
2.030304321289062500e+03
2.021484008789062500e+03
2.012718750000000000e+03
2.004012451171875000e+03
1.995367675781250000e+03
1.986787841796875000e+03
1.978276123046875000e+03
1.969835815429687500e+03
1.961469726562500000e+03
1.953181396484375000e+03
1.944973754882812500e+03
1.936849975585937500e+03
1.928813232421875000e+03
1.920866943359375000e+03
1.913013793945312500e+03
1.905257324218750000e+03
1.897600585937500000e+03
1.890046752929687500e+03
1.882598876953125000e+03
1.875260375976562500e+03
1.868033935546875000e+03
1.860923339843750000e+03
1.853931396484375000e+03
1.847061157226562500e+03
1.840316040039062500e+03
1.833699218750000000e+03
1.827213500976562500e+03
1.820862548828125000e+03
1.814649169921875000e+03
1.808576660156250000e+03
1.802648193359375000e+03
1.796866699218750000e+03
1.791235717773437500e+03
1.785758300781250000e+03
1.780437255859375000e+03
1.775276245117187500e+03
1.770278076171875000e+03
1.765446166992187500e+03
1.760783325195312500e+03
1.756293212890625000e+03
1.751978515625000000e+03
1.747842773437500000e+03
1.743889038085937500e+03
1.740120117187500000e+03
1.736539794921875000e+03
1.733150756835937500e+03
1.729956298828125000e+03
1.726959594726562500e+03
1.724163940429687500e+03
1.721572265625000000e+03
1.719187866210937500e+03
1.717013916015625000e+03
1.715052734375000000e+03
1.713303344726562500e+03
1.711764038085937500e+03
1.710432983398437500e+03
1.709308471679687500e+03
1.708388793945312500e+03
1.707672241210937500e+03
1.707156738281250000e+03
1.706840820312500000e+03
1.706722778320312500e+03
1.706800659179687500e+03
1.707072753906250000e+03
1.707537353515625000e+03
1.708192504882812500e+03
1.709036865234375000e+03
1.710068359375000000e+03
1.711285278320312500e+03
1.712685791015625000e+03
1.714268310546875000e+03
1.716031005859375000e+03
1.717972167968750000e+03
1.720089843750000000e+03
1.722382568359375000e+03
1.724848388671875000e+03
1.727485473632812500e+03
1.730292358398437500e+03
1.733266967773437500e+03
1.736407714843750000e+03
1.739712768554687500e+03
1.743180541992187500e+03
1.746808959960937500e+03
1.750596679687500000e+03
1.754541503906250000e+03
1.758641967773437500e+03
1.762896240234375000e+03
1.767302368164062500e+03
1.771859008789062500e+03
1.776564086914062500e+03
1.781416015625000000e+03
1.786412963867187500e+03
1.791552978515625000e+03
1.796834594726562500e+03
1.802255981445312500e+03
1.807815063476562500e+03
1.813510620117187500e+03
1.819340576171875000e+03
1.825303466796875000e+03
1.831396972656250000e+03
1.837619750976562500e+03
1.843969848632812500e+03
1.850445434570312500e+03
1.857042114257812500e+03
1.863755615234375000e+03
1.870581665039062500e+03
1.877515747070312500e+03
1.884553344726562500e+03
1.891690307617187500e+03
1.898921997070312500e+03
1.906244018554687500e+03
1.913652343750000000e+03
1.921142211914062500e+03
1.928709350585937500e+03
1.936348999023437500e+03
1.944057373046875000e+03
1.951829589843750000e+03
1.959661499023437500e+03
1.967548461914062500e+03
1.975486206054687500e+03
1.983470458984375000e+03
1.991496704101562500e+03
1.999560424804687500e+03
2.007657348632812500e+03
2.015782958984375000e+03
2.023933105468750000e+03
2.032103027343750000e+03
2.040288574218750000e+03
2.048485351562500000e+03
2.056688720703125000e+03
2.064894531250000000e+03
2.073098144531250000e+03
2.081295410156250000e+03
2.089481689453125000e+03
2.097652832031250000e+03
2.105804443359375000e+03
2.113931640625000000e+03
2.122030273437500000e+03
2.130096435546875000e+03
2.138124755859375000e+03
2.146111816406250000e+03
2.154052490234375000e+03
2.161942871093750000e+03
2.169778076171875000e+03
2.177553955078125000e+03
2.185266357421875000e+03
2.192910644531250000e+03
2.200482177734375000e+03
2.207976806640625000e+03
2.215390136718750000e+03
2.222717529296875000e+03
2.229955078125000000e+03
2.237098388671875000e+03
2.244144287109375000e+03
2.251091064453125000e+03
2.257935546875000000e+03
2.264675537109375000e+03
2.271308593750000000e+03
2.277832519531250000e+03
2.284244140625000000e+03
2.290541748046875000e+03
2.296722167968750000e+03
2.302783203125000000e+03
2.308722656250000000e+03
2.314537597656250000e+03
2.320225830078125000e+03
2.325784667968750000e+03
2.331211669921875000e+03
2.336504638671875000e+03
2.341661132812500000e+03
2.346677978515625000e+03
2.351553466796875000e+03
2.356284423828125000e+03
2.360869140625000000e+03
2.365304687500000000e+03
2.369588378906250000e+03
2.373718017578125000e+03
2.377691406250000000e+03
2.381505615234375000e+03
2.385158203125000000e+03
2.388646972656250000e+03
2.391969238281250000e+03
2.395122558593750000e+03
2.398104492187500000e+03
2.400912353515625000e+03
2.403543945312500000e+03
2.405996826171875000e+03
2.408268066406250000e+03
2.410355468750000000e+03
2.412256835937500000e+03
2.413969238281250000e+03
2.415490478515625000e+03
2.416817871093750000e+03
2.417949218750000000e+03
2.418881591796875000e+03
2.419613037109375000e+03
2.420140625000000000e+03
2.420462158203125000e+03
2.420574951171875000e+03
2.420476806640625000e+03
2.420165283203125000e+03
2.419637451171875000e+03
2.418891845703125000e+03
2.417929199218750000e+03
2.416751220703125000e+03
2.415359619140625000e+03
2.413756103515625000e+03
2.411942138671875000e+03
2.409919189453125000e+03
2.407688964843750000e+03
2.405253417968750000e+03
2.402613769531250000e+03
2.399771728515625000e+03
2.396729003906250000e+03
2.393487304687500000e+03
2.390048095703125000e+03
2.386412841796875000e+03
2.382583496093750000e+03
2.378561523437500000e+03
2.374348632812500000e+03
2.369946044921875000e+03
2.365355957031250000e+03
2.360579833984375000e+03
2.355618896484375000e+03
2.350475097656250000e+03
2.345150146484375000e+03
2.339645263671875000e+03
2.333962646484375000e+03
2.328103515625000000e+03
2.322069580078125000e+03
2.315862304687500000e+03
2.309483398437500000e+03
2.302934814453125000e+03
2.296217773437500000e+03
2.289333984375000000e+03
2.282285156250000000e+03
2.275072753906250000e+03
2.267698730468750000e+03
2.260164306640625000e+03
2.252471191406250000e+03
2.244621093750000000e+03
2.236615966796875000e+03
2.228456787109375000e+03
2.220145507812500000e+03
2.211683593750000000e+03
2.203072998046875000e+03
2.194314941406250000e+03
2.185411376953125000e+03
2.176363525390625000e+03
2.167173583984375000e+03
2.157842773437500000e+03
2.148372558593750000e+03
2.138765136718750000e+03
2.129024169921875000e+03
2.119153076171875000e+03
2.109155761718750000e+03
2.099036132812500000e+03
2.088797607421875000e+03
2.078444335937500000e+03
2.067979736328125000e+03
2.057407958984375000e+03
2.046732421875000000e+03
2.035957275390625000e+03
2.025086059570312500e+03
2.014122314453125000e+03
2.003070434570312500e+03
1.991933715820312500e+03
1.980716186523437500e+03
1.969421508789062500e+03
1.958053344726562500e+03
1.946615478515625000e+03
1.935112060546875000e+03
1.923546386718750000e+03
1.911922485351562500e+03
1.900244140625000000e+03
1.888515014648437500e+03
1.876739013671875000e+03
1.864919799804687500e+03
1.853061157226562500e+03
1.841167114257812500e+03
1.829241088867187500e+03
1.817286987304687500e+03
1.805308471679687500e+03
1.793309692382812500e+03
1.781293945312500000e+03
1.769265380859375000e+03
1.757227539062500000e+03
1.745184326171875000e+03
1.733139404296875000e+03
1.721096801757812500e+03
1.709060058593750000e+03
1.697032958984375000e+03
1.685019409179687500e+03
1.673022949218750000e+03
1.661047607421875000e+03
1.649097045898437500e+03
1.637175170898437500e+03
1.625285522460937500e+03
1.613432006835937500e+03
1.601618408203125000e+03
1.589848388671875000e+03
1.578125976562500000e+03
1.566454345703125000e+03
1.554836425781250000e+03
1.543273925781250000e+03
1.531769287109375000e+03
1.520324707031250000e+03
1.508942382812500000e+03
1.497624511718750000e+03
1.486373168945312500e+03
1.475190795898437500e+03
1.464079467773437500e+03
1.453041381835937500e+03
1.442078735351562500e+03
1.431193725585937500e+03
1.420388671875000000e+03
1.409665649414062500e+03
1.399026977539062500e+03
1.388474487304687500e+03
1.378010986328125000e+03
1.367638183593750000e+03
1.357358642578125000e+03
1.347174194335937500e+03
1.337087280273437500e+03
1.327099975585937500e+03
1.317214721679687500e+03
1.307433471679687500e+03
1.297758544921875000e+03
1.288192138671875000e+03
1.278736450195312500e+03
1.269393676757812500e+03
1.260165893554687500e+03
1.251055419921875000e+03
1.242064575195312500e+03
1.233195312500000000e+03
1.224450195312500000e+03
1.215831054687500000e+03
1.207340209960937500e+03
1.198979858398437500e+03
1.190752441406250000e+03
1.182659667968750000e+03
1.174704345703125000e+03
1.166888183593750000e+03
1.159213500976562500e+03
1.151682739257812500e+03
1.144297729492187500e+03
1.137061035156250000e+03
1.129974609375000000e+03
1.123040771484375000e+03
1.116261718750000000e+03
1.109639526367187500e+03
1.103176635742187500e+03
1.096874511718750000e+03
1.090732788085937500e+03
1.084750610351562500e+03
1.078927001953125000e+03
1.073261108398437500e+03
1.067752075195312500e+03
1.062398681640625000e+03
1.057200439453125000e+03
1.052156005859375000e+03
1.047264770507812500e+03
1.042525634765625000e+03
1.037937622070312500e+03
1.033500000000000000e+03
1.029211791992187500e+03
1.025071899414062500e+03
1.021079650878906250e+03
1.017234069824218750e+03
1.013534057617187500e+03
1.009978942871093750e+03
1.006567626953125000e+03
1.003299194335937500e+03
1.000172912597656250e+03
9.971875610351562500e+02
9.943424072265625000e+02
9.916365356445312500e+02
9.890689697265625000e+02
9.866387939453125000e+02
9.843450317382812500e+02
9.821868896484375000e+02
9.801634521484375000e+02
9.782736206054687500e+02
9.765165405273437500e+02
9.748914794921875000e+02
9.733972778320312500e+02
9.720330200195312500e+02
9.707979125976562500e+02
9.696911010742187500e+02
9.687113647460937500e+02
9.678580932617187500e+02
9.671301269531250000e+02
9.665267333984375000e+02
9.660468750000000000e+02
9.656897583007812500e+02
9.654542236328125000e+02
9.653395385742187500e+02
9.653447875976562500e+02
9.654689331054687500e+02
9.657110595703125000e+02
9.660704956054687500e+02
9.665460205078125000e+02
9.671365356445312500e+02
9.678397216796875000e+02
9.686530761718750000e+02
9.695740356445312500e+02
9.706000366210937500e+02
9.717284545898437500e+02
9.729567260742187500e+02
9.742824096679687500e+02
9.757027587890625000e+02
9.772154541015625000e+02
9.788177490234375000e+02
9.805070800781250000e+02
9.822808227539062500e+02
9.841367187500000000e+02
9.860718994140625000e+02
9.880839233398437500e+02
9.901701660156250000e+02
9.923281250000000000e+02
9.945552368164062500e+02
9.968489990234375000e+02
9.992067260742187500e+02
1.001625854492187500e+03
1.004103881835937500e+03
1.006638244628906250e+03
1.009226318359375000e+03
1.011865661621093750e+03
1.014553588867187500e+03
1.017287597656250000e+03
1.020065124511718750e+03
1.022883483886718750e+03
1.025740356445312500e+03
1.028633056640625000e+03
1.031558959960937500e+03
1.034515502929687500e+03
1.037500244140625000e+03
1.040510498046875000e+03
1.043543823242187500e+03
1.046597534179687500e+03
1.049669067382812500e+03
1.052755981445312500e+03
1.055855590820312500e+03
1.058965454101562500e+03
1.062083007812500000e+03
1.065205444335937500e+03
1.068330566406250000e+03
1.071455322265625000e+03
1.074577758789062500e+03
1.077694824218750000e+03
1.080804321289062500e+03
1.083903198242187500e+03
1.086989624023437500e+03
1.090061401367187500e+03
1.093117065429687500e+03
1.096154907226562500e+03
1.099173461914062500e+03
1.102171020507812500e+03
1.105145874023437500e+03
1.108096435546875000e+03
1.111021118164062500e+03
1.113918457031250000e+03
1.116786499023437500e+03
1.119623779296875000e+03
1.122428588867187500e+03
1.125199340820312500e+03
1.127934692382812500e+03
1.130632568359375000e+03
1.133291503906250000e+03
1.135910034179687500e+03
1.138486328125000000e+03
1.141018798828125000e+03
1.143505981445312500e+03
1.145946044921875000e+03
1.148337402343750000e+03
1.150678588867187500e+03
1.152967895507812500e+03
1.155203491210937500e+03
1.157383911132812500e+03
1.159507690429687500e+03
1.161572998046875000e+03
1.163578247070312500e+03
1.165521728515625000e+03
1.167401977539062500e+03
1.169217285156250000e+03
1.170966186523437500e+03
1.172646728515625000e+03
1.174257446289062500e+03
1.175796875000000000e+03
1.177263061523437500e+03
1.178654663085937500e+03
1.179969970703125000e+03
1.181207397460937500e+03
1.182365112304687500e+03
1.183441772460937500e+03
1.184435424804687500e+03
1.185344848632812500e+03
1.186168090820312500e+03
1.186903564453125000e+03
1.187549926757812500e+03
1.188105102539062500e+03
1.188567871093750000e+03
1.188936767578125000e+03
1.189212036132812500e+03
1.189394165039062500e+03
1.189483886718750000e+03
1.189481689453125000e+03
1.189388183593750000e+03
1.189203979492187500e+03
1.188929443359375000e+03
1.188565551757812500e+03
1.188112426757812500e+03
1.187570922851562500e+03
1.186941528320312500e+03
1.186224853515625000e+03
1.185421508789062500e+03
1.184531860351562500e+03
1.183556884765625000e+03
1.182496826171875000e+03
1.181352172851562500e+03
1.180123779296875000e+03
1.178812255859375000e+03
1.177417968750000000e+03
1.175941528320312500e+03
1.174383544921875000e+03
1.172744628906250000e+03
1.171025268554687500e+03
1.169226196289062500e+03
1.167347778320312500e+03
1.165390747070312500e+03
1.163355590820312500e+03
1.161243041992187500e+03
1.159053466796875000e+03
1.156787597656250000e+03
1.154445922851562500e+03
1.152029052734375000e+03
1.149537475585937500e+03
1.146971923828125000e+03
1.144332885742187500e+03
1.141620849609375000e+03
1.138836669921875000e+03
1.135980468750000000e+03
1.133053344726562500e+03
1.130055541992187500e+03
1.126987670898437500e+03
1.123850341796875000e+03
1.120644287109375000e+03
1.117369750976562500e+03
1.114027465820312500e+03
1.110618286132812500e+03
1.107142333984375000e+03
1.103600463867187500e+03
1.099993286132812500e+03
1.096322387695312500e+03
1.092589721679687500e+03
1.088796752929687500e+03
1.084945312500000000e+03
1.081037109375000000e+03
1.077073974609375000e+03
1.073057495117187500e+03
1.068989501953125000e+03
1.064871582031250000e+03
1.060705810546875000e+03
1.056493652343750000e+03
1.052236938476562500e+03
1.047937255859375000e+03
1.043596435546875000e+03
1.039216308593750000e+03
1.034798583984375000e+03
1.030344970703125000e+03
1.025857177734375000e+03
1.021336853027343750e+03
1.016785888671875000e+03
1.012205871582031250e+03
1.007598754882812500e+03
1.002966125488281250e+03
9.983096923828125000e+02
9.936312255859375000e+02
9.889324340820312500e+02
9.842152099609375000e+02
9.794810180664062500e+02
9.747319335937500000e+02
9.699694213867187500e+02
9.651952514648437500e+02
9.604112548828125000e+02
9.556191406250000000e+02
9.508206176757812500e+02
9.460173950195312500e+02
9.412113647460937500e+02
9.364039916992187500e+02
9.315972290039062500e+02
9.267928466796875000e+02
9.219923706054687500e+02
9.171976928710937500e+02
9.124104003906250000e+02
9.076323852539062500e+02
9.028653564453125000e+02
8.981110839843750000e+02
8.933711547851562500e+02
8.886473999023437500e+02
8.839415893554687500e+02
8.792554321289062500e+02
8.745904541015625000e+02
8.699479370117187500e+02
8.653289184570312500e+02
8.607343750000000000e+02
8.561653442382812500e+02
8.516229858398437500e+02
8.471082153320312500e+02
8.426221313476562500e+02
8.381658325195312500e+02
8.337402343750000000e+02
8.293464355468750000e+02
8.249854736328125000e+02
8.206584472656250000e+02
8.163663330078125000e+02
8.121102294921875000e+02
8.078911743164062500e+02
8.037101440429687500e+02
7.995682373046875000e+02
7.954664306640625000e+02
7.914058837890625000e+02
7.873875732421875000e+02
7.834125366210937500e+02
7.794818115234375000e+02
7.755964965820312500e+02
7.717575683593750000e+02
7.679660644531250000e+02
7.642231445312500000e+02
7.605297241210937500e+02
7.568868408203125000e+02
7.532956542968750000e+02
7.497571411132812500e+02
7.462723388671875000e+02
7.428422851562500000e+02
7.394680175781250000e+02
7.361505737304687500e+02
7.328910522460937500e+02
7.296904907226562500e+02
7.265498657226562500e+02
7.234702758789062500e+02
7.204527587890625000e+02
7.174983520507812500e+02
7.146080322265625000e+02
7.117829589843750000e+02
7.090241088867187500e+02
7.063325805664062500e+02
7.037092895507812500e+02
7.011553955078125000e+02
6.986719360351562500e+02
6.962598876953125000e+02
6.939203491210937500e+02
6.916541137695312500e+02
6.894608764648437500e+02
6.873402099609375000e+02
6.852916870117187500e+02
6.833145751953125000e+02
6.814086303710937500e+02
6.795732421875000000e+02
6.778079833984375000e+02
6.761122436523437500e+02
6.744856567382812500e+02
6.729276733398437500e+02
6.714378051757812500e+02
6.700155029296875000e+02
6.686604003906250000e+02
6.673718872070312500e+02
6.661495361328125000e+02
6.649928588867187500e+02
6.639013061523437500e+02
6.628744506835937500e+02
6.619116821289062500e+02
6.610126342773437500e+02
6.601767578125000000e+02
6.594036254882812500e+02
6.586926879882812500e+02
6.580433959960937500e+02
6.574553222656250000e+02
6.569279785156250000e+02
6.564608764648437500e+02
6.560534667968750000e+02
6.557053833007812500e+02
6.554159545898437500e+02
6.551848754882812500e+02
6.550114135742187500e+02
6.548953247070312500e+02
6.548359985351562500e+02
6.548329467773437500e+02
6.548856811523437500e+02
6.549937133789062500e+02
6.551565551757812500e+02
6.553736572265625000e+02
6.556445922851562500e+02
6.559688720703125000e+02
6.563460083007812500e+02
6.567754516601562500e+02
6.572567138671875000e+02
6.577893676757812500e+02
6.583728637695312500e+02
6.590067138671875000e+02
6.596904296875000000e+02
6.604235839843750000e+02
6.612054443359375000e+02
6.620348510742187500e+02
6.629105834960937500e+02
6.638313598632812500e+02
6.647957153320312500e+02
6.658025512695312500e+02
6.668505249023437500e+02
6.679382324218750000e+02
6.690645141601562500e+02
6.702279663085937500e+02
6.714273071289062500e+02
6.726613159179687500e+02
6.739286499023437500e+02
6.752279663085937500e+02
6.765580444335937500e+02
6.779174804687500000e+02
6.793051147460937500e+02
6.807195434570312500e+02
6.821596069335937500e+02
6.836237792968750000e+02
6.851109619140625000e+02
6.866197509765625000e+02
6.881489257812500000e+02
6.896971435546875000e+02
6.912631225585937500e+02
6.928455810546875000e+02
6.944431762695312500e+02
6.960546264648437500e+02
6.976786499023437500e+02
6.993139038085937500e+02
7.009591674804687500e+02
7.026130981445312500e+02
7.042744140625000000e+02
7.059417724609375000e+02
7.076140136718750000e+02
7.092896728515625000e+02
7.109675292968750000e+02
7.126462402343750000e+02
7.143245849609375000e+02
7.160012207031250000e+02
7.176748657226562500e+02
7.193441772460937500e+02
7.210079345703125000e+02
7.226647949218750000e+02
7.243134765625000000e+02
7.259526367187500000e+02
7.275810546875000000e+02
7.291973266601562500e+02
7.308002929687500000e+02
7.323885498046875000e+02
7.339609375000000000e+02
7.355166015625000000e+02
7.370546264648437500e+02
7.385743408203125000e+02
7.400749511718750000e+02
7.415556640625000000e+02
7.430156250000000000e+02
7.444541015625000000e+02
7.458703002929687500e+02
7.472634277343750000e+02
7.486326904296875000e+02
7.499772949218750000e+02
7.512964477539062500e+02
7.525894165039062500e+02
7.538552856445312500e+02
7.550933837890625000e+02
7.563028564453125000e+02
7.574829711914062500e+02
7.586328735351562500e+02
7.597518310546875000e+02
7.608390502929687500e+02
7.618936767578125000e+02
7.629149780273437500e+02
7.639021606445312500e+02
7.648544921875000000e+02
7.657709960937500000e+02
7.666511230468750000e+02
7.674938354492187500e+02
7.682985839843750000e+02
7.690644531250000000e+02
7.697905883789062500e+02
7.704763183593750000e+02
7.711209106445312500e+02
7.717233886718750000e+02
7.722830810546875000e+02
7.727991943359375000e+02
7.732708740234375000e+02
7.736974487304687500e+02
7.740779418945312500e+02
7.744118041992187500e+02
7.746979980468750000e+02
7.749359130859375000e+02
7.751247558593750000e+02
7.752636108398437500e+02
7.753518066406250000e+02
7.753884887695312500e+02
7.753728637695312500e+02
7.753042602539062500e+02
7.751817016601562500e+02
7.750045166015625000e+02
7.747720336914062500e+02
7.744845581054687500e+02
7.741422119140625000e+02
7.737454223632812500e+02
7.732944946289062500e+02
7.727897338867187500e+02
7.722315063476562500e+02
7.716201782226562500e+02
7.709559936523437500e+02
7.702392578125000000e+02
7.694703979492187500e+02
7.686497192382812500e+02
7.677774658203125000e+02
7.668540039062500000e+02
7.658796997070312500e+02
7.648548583984375000e+02
7.637798461914062500e+02
7.626548461914062500e+02
7.614804077148437500e+02
7.602566528320312500e+02
7.589840087890625000e+02
7.576627807617187500e+02
7.562933349609375000e+02
7.548758544921875000e+02
7.534108276367187500e+02
7.518986206054687500e+02
7.503392944335937500e+02
7.487334594726562500e+02
7.470812988281250000e+02
7.453831787109375000e+02
7.436394653320312500e+02
7.418503417968750000e+02
7.400162963867187500e+02
7.381375732421875000e+02
7.362144775390625000e+02
7.342473754882812500e+02
7.322366333007812500e+02
7.301825561523437500e+02
7.280853881835937500e+02
7.259454956054687500e+02
7.237632446289062500e+02
7.215390014648437500e+02
7.192730102539062500e+02
7.169655761718750000e+02
7.146171264648437500e+02
7.122279052734375000e+02
7.097982788085937500e+02
7.073285522460937500e+02
7.048190917968750000e+02
7.022701416015625000e+02
6.996822509765625000e+02
6.970561523437500000e+02
6.943928222656250000e+02
6.916932373046875000e+02
6.889583740234375000e+02
6.861890869140625000e+02
6.833863525390625000e+02
6.805512084960937500e+02
6.776844482421875000e+02
6.747871704101562500e+02
6.718602905273437500e+02
6.689046630859375000e+02
6.659212646484375000e+02
6.629110717773437500e+02
6.598750610351562500e+02
6.568141479492187500e+02
6.537293090820312500e+02
6.506213989257812500e+02
6.474915161132812500e+02
6.443404541015625000e+02
6.411692504882812500e+02
6.379788208007812500e+02
6.347700805664062500e+02
6.315440673828125000e+02
6.283016967773437500e+02
6.250438842773437500e+02
6.217715454101562500e+02
6.184856567382812500e+02
6.151872558593750000e+02
6.118771972656250000e+02
6.085564575195312500e+02
6.052259521484375000e+02
6.018866577148437500e+02
5.985394897460937500e+02
5.951854248046875000e+02
5.918253784179687500e+02
5.884603881835937500e+02
5.850913085937500000e+02
5.817191162109375000e+02
5.783447265625000000e+02
5.749691772460937500e+02
5.715933227539062500e+02
5.682181396484375000e+02
5.648446044921875000e+02
5.614736328125000000e+02
5.581061401367187500e+02
5.547431640625000000e+02
5.513855590820312500e+02
5.480343017578125000e+02
5.446904296875000000e+02
5.413546752929687500e+02
5.380278320312500000e+02
5.347105102539062500e+02
5.314033203125000000e+02
5.281068115234375000e+02
5.248217773437500000e+02
5.215487060546875000e+02
5.182883300781250000e+02
5.150411376953125000e+02
5.118078308105468750e+02
5.085890808105468750e+02
5.053854370117187500e+02
5.021975708007812500e+02
4.990260925292968750e+02
4.958715820312500000e+02
4.927347717285156250e+02
4.896162109375000000e+02
4.865165100097656250e+02
4.834363403320312500e+02
4.803763732910156250e+02
4.773370971679687500e+02
4.743192443847656250e+02
4.713233947753906250e+02
4.683501892089843750e+02
4.654002685546875000e+02
4.624742431640625000e+02
4.595727539062500000e+02
4.566963806152343750e+02
4.538457946777343750e+02
4.510216064453125000e+02
4.482244262695312500e+02
4.454548950195312500e+02
4.427136840820312500e+02
4.400013427734375000e+02
4.373185424804687500e+02
4.346658935546875000e+02
4.320440063476562500e+02
4.294535217285156250e+02
4.268951110839843750e+02
4.243692932128906250e+02
4.218768005371093750e+02
4.194181823730468750e+02
4.169941101074218750e+02
4.146051940917968750e+02
4.122520751953125000e+02
4.099353637695312500e+02
4.076556701660156250e+02
4.054136352539062500e+02
4.032099304199218750e+02
4.010451049804687500e+02
3.989196777343750000e+02
3.968336486816406250e+02
3.947868652343750000e+02
3.927791748046875000e+02
3.908104248046875000e+02
3.888804321289062500e+02
3.869891052246093750e+02
3.851362915039062500e+02
3.833218078613281250e+02
3.815455322265625000e+02
3.798072509765625000e+02
3.781069030761718750e+02
3.764443054199218750e+02
3.748192749023437500e+02
3.732317199707031250e+02
3.716814575195312500e+02
3.701683044433593750e+02
3.686921997070312500e+02
3.672529296875000000e+02
3.658503417968750000e+02
3.644843444824218750e+02
3.631547241210937500e+02
3.618613586425781250e+02
3.606040954589843750e+02
3.593827514648437500e+02
3.581972656250000000e+02
3.570474243164062500e+02
3.559330444335937500e+02
3.548540649414062500e+02
3.538102722167968750e+02
3.528015441894531250e+02
3.518277282714843750e+02
3.508886718750000000e+02
3.499841918945312500e+02
3.491142272949218750e+02
3.482785339355468750e+02
3.474769897460937500e+02
3.467095031738281250e+02
3.459758605957031250e+02
3.452759094238281250e+02
3.446095581054687500e+02
3.439765930175781250e+02
3.433768920898437500e+02
3.428103027343750000e+02
3.422767028808593750e+02
3.417759094238281250e+02
3.413077697753906250e+02
3.408721618652343750e+02
3.404689331054687500e+02
3.400979003906250000e+02
3.397588806152343750e+02
3.394512939453125000e+02
3.391745910644531250e+02
3.389281311035156250e+02
3.387112731933593750e+02
3.385234069824218750e+02
3.383640136718750000e+02
3.382323608398437500e+02
3.381279296875000000e+02
3.380500488281250000e+02
3.379981384277343750e+02
3.379715881347656250e+02
3.379697875976562500e+02
3.379920959472656250e+02
3.380379638671875000e+02
3.381067199707031250e+02
3.381977844238281250e+02
3.383105468750000000e+02
3.384443664550781250e+02
3.385986633300781250e+02
3.387728576660156250e+02
3.389662780761718750e+02
3.391783447265625000e+02
3.394084167480468750e+02
3.396559143066406250e+02
3.399201965332031250e+02
3.402007141113281250e+02
3.404968261718750000e+02
3.408078613281250000e+02
3.411333007812500000e+02
3.414725036621093750e+02
3.418248291015625000e+02
3.421896972656250000e+02
3.425664672851562500e+02
3.429545898437500000e+02
3.433533935546875000e+02
3.437622985839843750e+02
3.441806335449218750e+02
3.446079101562500000e+02
3.450433959960937500e+02
3.454865722656250000e+02
3.459367675781250000e+02
3.463934020996093750e+02
3.468558349609375000e+02
3.473234863281250000e+02
3.477957458496093750e+02
3.482719726562500000e+02
3.487515869140625000e+02
3.492339477539062500e+02
3.497185058593750000e+02
3.502045898437500000e+02
3.506918029785156250e+02
3.511796875000000000e+02
3.516677856445312500e+02
3.521556396484375000e+02
3.526428833007812500e+02
3.531289978027343750e+02
3.536135559082031250e+02
3.540961608886718750e+02
3.545763549804687500e+02
3.550536499023437500e+02
3.555276794433593750e+02
3.559979553222656250e+02
3.564640197753906250e+02
3.569254760742187500e+02
3.573818664550781250e+02
3.578327331542968750e+02
3.582776794433593750e+02
3.587162170410156250e+02
3.591479492187500000e+02
3.595723876953125000e+02
3.599891357421875000e+02
3.603977050781250000e+02
3.607976989746093750e+02
3.611886596679687500e+02
3.615701293945312500e+02
3.619417114257812500e+02
3.623029174804687500e+02
3.626533203125000000e+02
3.629925231933593750e+02
3.633200378417968750e+02
3.636354064941406250e+02
3.639382629394531250e+02
3.642280578613281250e+02
3.645044555664062500e+02
3.647669677734375000e+02
3.650151672363281250e+02
3.652485961914062500e+02
3.654667968750000000e+02
3.656693725585937500e+02
3.658558654785156250e+02
3.660258178710937500e+02
3.661788024902343750e+02
3.663144226074218750e+02
3.664321594238281250e+02
3.665316162109375000e+02
3.666123352050781250e+02
3.666739196777343750e+02
3.667158508300781250e+02
3.667377319335937500e+02
3.667392272949218750e+02
3.667202758789062500e+02
3.666809692382812500e+02
3.666213684082031250e+02
3.665415039062500000e+02
3.664414672851562500e+02
3.663213500976562500e+02
3.661811523437500000e+02
3.660209655761718750e+02
3.658408813476562500e+02
3.656409301757812500e+02
3.654212036132812500e+02
3.651817016601562500e+02
3.649225463867187500e+02
3.646437683105468750e+02
3.643454589843750000e+02
3.640276794433593750e+02
3.636904907226562500e+02
3.633339233398437500e+02
3.629580688476562500e+02
3.625629882812500000e+02
3.621487731933593750e+02
3.617154235839843750e+02
3.612630615234375000e+02
3.607916870117187500e+02
3.603014221191406250e+02
3.597922973632812500e+02
3.592644348144531250e+02
3.587178039550781250e+02
3.581525268554687500e+02
3.575686340332031250e+02
3.569662475585937500e+02
3.563453674316406250e+02
3.557060852050781250e+02
3.550484619140625000e+02
3.543725891113281250e+02
3.536784667968750000e+02
3.529662170410156250e+02
3.522358398437500000e+02
3.514874572753906250e+02
3.507211303710937500e+02
3.499368591308593750e+02
3.491347961425781250e+02
3.483149414062500000e+02
3.474773864746093750e+02
3.466221923828125000e+02
3.457493896484375000e+02
3.448590698242187500e+02
3.439513244628906250e+02
3.430261535644531250e+02
3.420837097167968750e+02
3.411243286132812500e+02
3.401483764648437500e+02
3.391562500000000000e+02
3.381483154296875000e+02
3.371249694824218750e+02
3.360865478515625000e+02
3.350335083007812500e+02
3.339662170410156250e+02
3.328849792480468750e+02
3.317902832031250000e+02
3.306824340820312500e+02
3.295618591308593750e+02
3.284289245605468750e+02
3.272839660644531250e+02
3.261274414062500000e+02
3.249597167968750000e+02
3.237811584472656250e+02
3.225921325683593750e+02
3.213930664062500000e+02
3.201842651367187500e+02
3.189662170410156250e+02
3.177392272949218750e+02
3.165036926269531250e+02
3.152600097656250000e+02
3.140085449218750000e+02
3.127496948242187500e+02
3.114838256835937500e+02
3.102113342285156250e+02
3.089326171875000000e+02
3.076480102539062500e+02
3.063579406738281250e+02
3.050627746582031250e+02
3.037628784179687500e+02
3.024586486816406250e+02
3.011504516601562500e+02
2.998387145996093750e+02
2.985237731933593750e+02
2.972060241699218750e+02
2.958858947753906250e+02
2.945636901855468750e+02
2.932398071289062500e+02
2.919146728515625000e+02
2.905886535644531250e+02
2.892621154785156250e+02
2.879354553222656250e+02
2.866090087890625000e+02
2.852832336425781250e+02
2.839584960937500000e+02
2.826351013183593750e+02
2.813135070800781250e+02
2.799939880371093750e+02
2.786768188476562500e+02
2.773622131347656250e+02
2.760505676269531250e+02
2.747420959472656250e+02
2.734370727539062500e+02
2.721358032226562500e+02
2.708385620117187500e+02
2.695456237792968750e+02
2.682572326660156250e+02
2.669737854003906250e+02
2.656954345703125000e+02
2.644225158691406250e+02
2.631553039550781250e+02
2.618941040039062500e+02
2.606391296386718750e+02
2.593907165527343750e+02
2.581491699218750000e+02
2.569147033691406250e+02
2.556876068115234375e+02
2.544682159423828125e+02
2.532567443847656250e+02
2.520535430908203125e+02
2.508588104248046875e+02
2.496728973388671875e+02
2.484960327148437500e+02
2.473285369873046875e+02
2.461706695556640625e+02
2.450227050781250000e+02
2.438849639892578125e+02
2.427576751708984375e+02
2.416411437988281250e+02
2.405356140136718750e+02
2.394414367675781250e+02
2.383588562011718750e+02
2.372881469726562500e+02
2.362295989990234375e+02
2.351834411621093750e+02
2.341500549316406250e+02
2.331296386718750000e+02
2.321224975585937500e+02
2.311289215087890625e+02
2.301491851806640625e+02
2.291835784912109375e+02
2.282323608398437500e+02
2.272958068847656250e+02
2.263742065429687500e+02
2.254678802490234375e+02
2.245770721435546875e+02
2.237019805908203125e+02
2.228426513671875000e+02
2.219990081787109375e+02
2.211710510253906250e+02
2.203586730957031250e+02
2.195618591308593750e+02
2.187805480957031250e+02
2.180146636962890625e+02
2.172642059326171875e+02
2.165290985107421875e+02
2.158092803955078125e+02
2.151047210693359375e+02
2.144153747558593750e+02
2.137411804199218750e+02
2.130820770263671875e+02
2.124380493164062500e+02
2.118090057373046875e+02
2.111949310302734375e+02
2.105957641601562500e+02
2.100114440917968750e+02
2.094419403076171875e+02
2.088871765136718750e+02
2.083471374511718750e+02
2.078217468261718750e+02
2.073109588623046875e+02
2.068147277832031250e+02
2.063330078125000000e+02
2.058657531738281250e+02
2.054128875732421875e+02
2.049744110107421875e+02
2.045502166748046875e+02
2.041403045654296875e+02
2.037445831298828125e+02
2.033630218505859375e+02
2.029955749511718750e+02
2.026421966552734375e+02
2.023028259277343750e+02
2.019774017333984375e+02
2.016659088134765625e+02
2.013682708740234375e+02
2.010844421386718750e+02
2.008143768310546875e+02
2.005580291748046875e+02
2.003153228759765625e+02
2.000862426757812500e+02
1.998707275390625000e+02
1.996687316894531250e+02
1.994801940917968750e+02
1.993050689697265625e+02
1.991433105468750000e+02
1.989948425292968750e+02
1.988594055175781250e+02
1.987367553710937500e+02
1.986266326904296875e+02
1.985287475585937500e+02
1.984428710937500000e+02
1.983687133789062500e+02
1.983060150146484375e+02
1.982545013427734375e+02
1.982139129638671875e+02
1.981840057373046875e+02
1.981644744873046875e+02
1.981550903320312500e+02
1.981555633544921875e+02
1.981656341552734375e+02
1.981850433349609375e+02
1.982135314941406250e+02
1.982508239746093750e+02
1.982966461181640625e+02
1.983507690429687500e+02
1.984128875732421875e+02
1.984827423095703125e+02
1.985600891113281250e+02
1.986446533203125000e+02
1.987361602783203125e+02
1.988343505859375000e+02
1.989389648437500000e+02
1.990497283935546875e+02
1.991663818359375000e+02
1.992886657714843750e+02
1.994162902832031250e+02
1.995490264892578125e+02
1.996865692138671875e+02
1.998287048339843750e+02
1.999751129150390625e+02
2.001255645751953125e+02
2.002797698974609375e+02
2.004375000000000000e+02
2.005984497070312500e+02
2.007623748779296875e+02
2.009290161132812500e+02
2.010980834960937500e+02
2.012693328857421875e+02
2.014424896240234375e+02
2.016172790527343750e+02
2.017934722900390625e+02
2.019707641601562500e+02
2.021489257812500000e+02
2.023276519775390625e+02
2.025066986083984375e+02
2.026858062744140625e+02
2.028647766113281250e+02
2.030433959960937500e+02
2.032214508056640625e+02
2.033987426757812500e+02
2.035750579833984375e+02
2.037502288818359375e+02
2.039240264892578125e+02
2.040962371826171875e+02
2.042666625976562500e+02
2.044351043701171875e+02
2.046013793945312500e+02
2.047652435302734375e+02
2.049265136718750000e+02
2.050849914550781250e+02
2.052404632568359375e+02
2.053927154541015625e+02
2.055415802001953125e+02
2.056868286132812500e+02
2.058282470703125000e+02
2.059656524658203125e+02
2.060988311767578125e+02
2.062275848388671875e+02
2.063516998291015625e+02
2.064709777832031250e+02
2.065852355957031250e+02
2.066942291259765625e+02
2.067977752685546875e+02
2.068956756591796875e+02
2.069877319335937500e+02
2.070736999511718750e+02
2.071534271240234375e+02
2.072266845703125000e+02
2.072932586669921875e+02
2.073529815673828125e+02
2.074056243896484375e+02
2.074509735107421875e+02
2.074888305664062500e+02
2.075190124511718750e+02
2.075413055419921875e+02
2.075554962158203125e+02
2.075613861083984375e+02
2.075587615966796875e+02
2.075474548339843750e+02
2.075272064208984375e+02
2.074978637695312500e+02
2.074591979980468750e+02
2.074110107421875000e+02
2.073530883789062500e+02
2.072852478027343750e+02
2.072072906494140625e+02
2.071192321777343750e+02
2.070211029052734375e+02
2.069128875732421875e+02
2.067946166992187500e+02
2.066663208007812500e+02
2.065280151367187500e+02
2.063797454833984375e+02
2.062214965820312500e+02
2.060533142089843750e+02
2.058752136230468750e+02
2.056872100830078125e+02
2.054893188476562500e+02
2.052816009521484375e+02
2.050640258789062500e+02
2.048366394042968750e+02
2.045994720458984375e+02
2.043525390625000000e+02
2.040958404541015625e+02
2.038294219970703125e+02
2.035532989501953125e+02
2.032675018310546875e+02
2.029720458984375000e+02
2.026669311523437500e+02
2.023522033691406250e+02
2.020278778076171875e+02
2.016939697265625000e+02
2.013505249023437500e+02
2.009975280761718750e+02
2.006350250244140625e+02
2.002630310058593750e+02
1.998815765380859375e+02
1.994906616210937500e+02
1.990903320312500000e+02
1.986805877685546875e+02
1.982614593505859375e+02
1.978329772949218750e+02
1.973951568603515625e+02
1.969480133056640625e+02
1.964915466308593750e+02
1.960258483886718750e+02
1.955508575439453125e+02
1.950666503906250000e+02
1.945732269287109375e+02
1.940706176757812500e+02
1.935588531494140625e+02
1.930379180908203125e+02
1.925078582763671875e+02
1.919687042236328125e+02
1.914204559326171875e+02
1.908631744384765625e+02
1.902970275878906250e+02
1.897221527099609375e+02
1.891387634277343750e+02
1.885470123291015625e+02
1.879470977783203125e+02
1.873391876220703125e+02
1.867234649658203125e+02
1.861000976562500000e+02
1.854692840576171875e+02
1.848311920166015625e+02
1.841859893798828125e+02
1.835338592529296875e+02
1.828750000000000000e+02
1.822095489501953125e+02
1.815377197265625000e+02
1.808596801757812500e+02
1.801755981445312500e+02
1.794856719970703125e+02
1.787900543212890625e+02
1.780889587402343750e+02
1.773825225830078125e+02
1.766709594726562500e+02
1.759544219970703125e+02
1.752330932617187500e+02
1.745071716308593750e+02
1.737768096923828125e+02
1.730422058105468750e+02
1.723035125732421875e+02
1.715609283447265625e+02
1.708146209716796875e+02
1.700647888183593750e+02
1.693115844726562500e+02
1.685551910400390625e+02
1.677958068847656250e+02
1.670335998535156250e+02
1.662687225341796875e+02
1.655013885498046875e+02
1.647317504882812500e+02
1.639600219726562500e+02
1.631863250732421875e+02
1.624108886718750000e+02
1.616338653564453125e+02
1.608554534912109375e+02
1.600758056640625000e+02
1.592951049804687500e+02
1.585135498046875000e+02
1.577312927246093750e+02
1.569485321044921875e+02
1.561654357910156250e+02
1.553821868896484375e+02
1.545989379882812500e+02
1.538158111572265625e+02
1.530329895019531250e+02
1.522506103515625000e+02
1.514688110351562500e+02
1.506877288818359375e+02
1.499075622558593750e+02
1.491284332275390625e+02
1.483504638671875000e+02
1.475738372802734375e+02
1.467986907958984375e+02
1.460251770019531250e+02
1.452534332275390625e+02
1.444836273193359375e+02
1.437158813476562500e+02
1.429503784179687500e+02
1.421872253417968750e+02
1.414266204833984375e+02
1.406686706542968750e+02
1.399135284423828125e+02
1.391613769531250000e+02
1.384123229980468750e+02
1.376665496826171875e+02
1.369241638183593750e+02
1.361853637695312500e+02
1.354502563476562500e+02
1.347190246582031250e+02
1.339918060302734375e+02
1.332687377929687500e+02
1.325499572753906250e+02
1.318356475830078125e+02
1.311259460449218750e+02
1.304209899902343750e+02
1.297209320068359375e+02
1.290259246826171875e+02
1.283361206054687500e+02
1.276516571044921875e+02
1.269726867675781250e+02
1.262993621826171875e+02
1.256318283081054688e+02
1.249702453613281250e+02
1.243147430419921875e+02
1.236654739379882812e+02
1.230226058959960938e+02
1.223862609863281250e+02
1.217566146850585938e+02
1.211337966918945312e+02
1.205179595947265625e+02
1.199092483520507812e+02
1.193078002929687500e+02
1.187136306762695312e+02
1.181267471313476562e+02
1.175471420288085938e+02
1.169748382568359375e+02
1.164098434448242188e+02
1.158521347045898438e+02
1.153017272949218750e+02
1.147586364746093750e+02
1.142228546142578125e+02
1.136943740844726562e+02
1.131732101440429688e+02
1.126593780517578125e+02
1.121528549194335938e+02
1.116536712646484375e+02
1.111618041992187500e+02
1.106772766113281250e+02
1.102000808715820312e+02
1.097302322387695312e+02
1.092677154541015625e+02
1.088125534057617188e+02
1.083647384643554688e+02
1.079242630004882812e+02
1.074911651611328125e+02
1.070654067993164062e+02
1.066470260620117188e+02
1.062360076904296875e+02
1.058323593139648438e+02
1.054360733032226562e+02
1.050471725463867188e+02
1.046656494140625000e+02
1.042915115356445312e+02
1.039247512817382812e+02
1.035653839111328125e+02
1.032134170532226562e+02
1.028688354492187500e+02
1.025316619873046875e+02
1.022018814086914062e+02
1.018795089721679688e+02
1.015645523071289062e+02
1.012570037841796875e+02
1.009568710327148438e+02
1.006641540527343750e+02
1.003788604736328125e+02
1.001009979248046875e+02
9.983055877685546875e+01
9.956755065917968750e+01
9.931198120117187500e+01
9.906385040283203125e+01
9.882316589355468750e+01
9.858989715576171875e+01
9.836397552490234375e+01
9.814528656005859375e+01
9.793371582031250000e+01
9.772915649414062500e+01
9.753149414062500000e+01
9.734064483642578125e+01
9.715647125244140625e+01
9.697888183593750000e+01
9.680776214599609375e+01
9.664301300048828125e+01
9.648451995849609375e+01
9.633217620849609375e+01
9.618586730957031250e+01
9.604549407958984375e+01
9.591093444824218750e+01
9.578210449218750000e+01
9.565887451171875000e+01
9.554114532470703125e+01
9.542881011962890625e+01
9.532175445556640625e+01
9.521987152099609375e+01
9.512306213378906250e+01
9.503121185302734375e+01
9.494420623779296875e+01
9.486195373535156250e+01
9.478433227539062500e+01
9.471122741699218750e+01
9.464254760742187500e+01
9.457817840576171875e+01
9.451801300048828125e+01
9.446193695068359375e+01
9.440985107421875000e+01
9.436164093017578125e+01
9.431719207763671875e+01
9.427641296386718750e+01
9.423919677734375000e+01
9.420541381835937500e+01
9.417496490478515625e+01
9.414775085449218750e+01
9.412365722656250000e+01
9.410257720947265625e+01
9.408439636230468750e+01
9.406902313232421875e+01
9.405632781982421875e+01
9.404621887207031250e+01
9.403858184814453125e+01
9.403330230712890625e+01
9.403028106689453125e+01
9.402941131591796875e+01
9.403057861328125000e+01
9.403368377685546875e+01
9.403862762451171875e+01
9.404531097412109375e+01
9.405362701416015625e+01
9.406347656250000000e+01
9.407476043701171875e+01
9.408737182617187500e+01
9.410121154785156250e+01
9.411618041992187500e+01
9.413217163085937500e+01
9.414910125732421875e+01
9.416683959960937500e+01
9.418531799316406250e+01
9.420440673828125000e+01
9.422402191162109375e+01
9.424405670166015625e+01
9.426440429687500000e+01
9.428496551513671875e+01
9.430564880371093750e+01
9.432634735107421875e+01
9.434695434570312500e+01
9.436737823486328125e+01
9.438751220703125000e+01
9.440724945068359375e+01
9.442650604248046875e+01
9.444516754150390625e+01
9.446311950683593750e+01
9.448029327392578125e+01
9.449655914306640625e+01
9.451183319091796875e+01
9.452600097656250000e+01
9.453897857666015625e+01
9.455064392089843750e+01
9.456091308593750000e+01
9.456967163085937500e+01
9.457682800292968750e+01
9.458227539062500000e+01
9.458592224121093750e+01
9.458764648437500000e+01
9.458737182617187500e+01
9.458497619628906250e+01
9.458036804199218750e+01
9.457345581054687500e+01
9.456411743164062500e+01
9.455226135253906250e+01
9.453778839111328125e+01
9.452059936523437500e+01
9.450058746337890625e+01
9.447765350341796875e+01
9.445170593261718750e+01
9.442272949218750000e+01
9.439070129394531250e+01
9.435561370849609375e+01
9.431745147705078125e+01
9.427620697021484375e+01
9.423186492919921875e+01
9.418441009521484375e+01
9.413384246826171875e+01
9.408013153076171875e+01
9.402327728271484375e+01
9.396325683593750000e+01
9.390007019042968750e+01
9.383370208740234375e+01
9.376413726806640625e+01
9.369136047363281250e+01
9.361537170410156250e+01
9.353614044189453125e+01
9.345366668701171875e+01
9.336793518066406250e+01
9.327893829345703125e+01
9.318666076660156250e+01
9.309107971191406250e+01
9.299219512939453125e+01
9.288999176025390625e+01
9.278445434570312500e+01
9.267557525634765625e+01
9.256334686279296875e+01
9.244773864746093750e+01
9.232875823974609375e+01
9.220637512207031250e+01
9.208058929443359375e+01
9.195139312744140625e+01
9.181876373291015625e+01
9.168268585205078125e+01
9.154316711425781250e+01
9.140016174316406250e+01
9.125369262695312500e+01
9.110372924804687500e+01
9.095025634765625000e+01
9.079327392578125000e+01
9.063275909423828125e+01
9.046870422363281250e+01
9.030109405517578125e+01
9.012991333007812500e+01
8.995516204833984375e+01
8.977681732177734375e+01
8.959487915039062500e+01
8.940930938720703125e+01
8.922012329101562500e+01
8.902731323242187500e+01
8.883091735839843750e+01
8.863101196289062500e+01
8.842764282226562500e+01
8.822089385986328125e+01
8.801080322265625000e+01
8.779745483398437500e+01
8.758089447021484375e+01
8.736119079589843750e+01
8.713839721679687500e+01
8.691259002685546875e+01
8.668382263183593750e+01
8.645215606689453125e+01
8.621765136718750000e+01
8.598036956787109375e+01
8.574037933349609375e+01
8.549774169921875000e+01
8.525251770019531250e+01
8.500476074218750000e+01
8.475454711914062500e+01
8.450192260742187500e+01
8.424695587158203125e+01
8.398972320556640625e+01
8.373025512695312500e+01
8.346864318847656250e+01
8.320493316650390625e+01
8.293919372558593750e+01
8.267148590087890625e+01
8.240186309814453125e+01
8.213039398193359375e+01
8.185714721679687500e+01
8.158216857910156250e+01
8.130553436279296875e+01
8.102730560302734375e+01
8.074753570556640625e+01
8.046628570556640625e+01
8.018363189697265625e+01
7.989962005615234375e+01
7.961431884765625000e+01
7.932778167724609375e+01
7.904009246826171875e+01
7.875128936767578125e+01
7.846144104003906250e+01
7.817061614990234375e+01
7.787887573242187500e+01
7.758627319335937500e+01
7.729287719726562500e+01
7.699874877929687500e+01
7.670394897460937500e+01
7.640853118896484375e+01
7.611257934570312500e+01
7.581613159179687500e+01
7.551925659179687500e+01
7.522202301025390625e+01
7.492447662353515625e+01
7.462668609619140625e+01
7.432872009277343750e+01
7.403063201904296875e+01
7.373248291015625000e+01
7.343433380126953125e+01
7.313623809814453125e+01
7.283827209472656250e+01
7.254048156738281250e+01
7.224294281005859375e+01
7.194570159912109375e+01
7.164883422851562500e+01
7.135237884521484375e+01
7.105642700195312500e+01
7.076100921630859375e+01
7.046620941162109375e+01
7.017207336425781250e+01
6.987866973876953125e+01
6.958605957031250000e+01
6.929430389404296875e+01
6.900345611572265625e+01
6.871358489990234375e+01
6.842474365234375000e+01
6.813700866699218750e+01
6.785042572021484375e+01
6.756505584716796875e+01
6.728096771240234375e+01
6.699822998046875000e+01
6.671687316894531250e+01
6.643698883056640625e+01
6.615863037109375000e+01
6.588185119628906250e+01
6.560671234130859375e+01
6.533327484130859375e+01
6.506161499023437500e+01
6.479177093505859375e+01
6.452381896972656250e+01
6.425781250000000000e+01
6.399382019042968750e+01
6.373189544677734375e+01
6.347209930419921875e+01
6.321450042724609375e+01
6.295915222167968750e+01
6.270611572265625000e+01
6.245545196533203125e+01
6.220722579956054688e+01
6.196149444580078125e+01
6.171826171875000000e+01
6.147754287719726562e+01
6.123935699462890625e+01
6.100370025634765625e+01
6.077058792114257812e+01
6.054003143310546875e+01
6.031203842163085938e+01
6.008662033081054688e+01
5.986378860473632812e+01
5.964354705810546875e+01
5.942590332031250000e+01
5.921087646484375000e+01
5.899847412109375000e+01
5.878870010375976562e+01
5.858156967163085938e+01
5.837708663940429688e+01
5.817526626586914062e+01
5.797611999511718750e+01
5.777965164184570312e+01
5.758586883544921875e+01
5.739478683471679688e+01
5.720641708374023438e+01
5.702076339721679688e+01
5.683784103393554688e+01
5.665766143798828125e+01
5.648021697998046875e+01
5.630553817749023438e+01
5.613362503051757812e+01
5.596448898315429688e+01
5.579813766479492188e+01
5.563458633422851562e+01
5.547383499145507812e+01
5.531590270996093750e+01
5.516079330444335938e+01
5.500851821899414062e+01
5.485909652709960938e+01
5.471252059936523438e+01
5.456880950927734375e+01
5.442797088623046875e+01
5.429001998901367188e+01
5.415495681762695312e+01
5.402280044555664062e+01
5.389355468750000000e+01
5.376722717285156250e+01
5.364383697509765625e+01
5.352338409423828125e+01
5.340588378906250000e+01
5.329134368896484375e+01
5.317977523803710938e+01
5.307117080688476562e+01
5.296550369262695312e+01
5.286271286010742188e+01
5.276274871826171875e+01
5.266556930541992188e+01
5.257111740112304688e+01
5.247934722900390625e+01
5.239020538330078125e+01
5.230364608764648438e+01
5.221960830688476562e+01
5.213805770874023438e+01
5.205893325805664062e+01
5.198218536376953125e+01
5.190777587890625000e+01
5.183563613891601562e+01
5.176573181152343750e+01
5.169800567626953125e+01
5.163240814208984375e+01
5.156888961791992188e+01
5.150740051269531250e+01
5.144789123535156250e+01
5.139031219482421875e+01
5.133460998535156250e+01
5.128073501586914062e+01
5.122864151000976562e+01
5.117827987670898438e+01
5.112959289550781250e+01
5.108253860473632812e+01
5.103705978393554688e+01
5.099311447143554688e+01
5.095064544677734375e+01
5.090960311889648438e+01
5.086994171142578125e+01
5.083160781860351562e+01
5.079455566406250000e+01
5.075872802734375000e+01
5.072408294677734375e+01
5.069056320190429688e+01
5.065812301635742188e+01
5.062671661376953125e+01
5.059628295898437500e+01
5.056678009033203125e+01
5.053815078735351562e+01
5.051035690307617188e+01
5.048333740234375000e+01
5.045704650878906250e+01
5.043143844604492188e+01
5.040645599365234375e+01
5.038204956054687500e+01
5.035817337036132812e+01
5.033478164672851562e+01
5.031185913085937500e+01
5.028939437866210938e+01
5.026737976074218750e+01
5.024580383300781250e+01
5.022465896606445312e+01
5.020393753051757812e+01
5.018362808227539062e+01
5.016371917724609375e+01
5.014419937133789062e+01
5.012506484985351562e+01
5.010630416870117188e+01
5.008790588378906250e+01
5.006985855102539062e+01
5.005215835571289062e+01
5.003479385375976562e+01
5.001775360107421875e+01
5.000102996826171875e+01
4.998460769653320312e+01
4.996849060058593750e+01
4.995265197753906250e+01
4.993709182739257812e+01
4.992180633544921875e+01
4.990677261352539062e+01
4.989199066162109375e+01
4.987744903564453125e+01
4.986313247680664062e+01
4.984903717041015625e+01
4.983515167236328125e+01
4.982147216796875000e+01
4.980797958374023438e+01
4.979467010498046875e+01
4.978153228759765625e+01
4.976855468750000000e+01
4.975573348999023438e+01
4.974305725097656250e+01
4.973051071166992188e+01
4.971809005737304688e+01
4.970578384399414062e+01
4.969358444213867188e+01
4.968148040771484375e+01
4.966946029663085938e+01
4.965752029418945312e+01
4.964564132690429688e+01
4.963382720947265625e+01
4.962205505371093750e+01
4.961032104492187500e+01
4.959862136840820312e+01
4.958693313598632812e+01
4.957526016235351562e+01
