# monopole
-5.982201377529399178e-01
-5.976786422523492348e-01
-5.979801168546402534e-01
-5.985757671430590454e-01
-5.986706172575186891e-01
-5.980990429573418421e-01
-5.986455583087044729e-01
-5.982281947749588102e-01
-5.985430220890843866e-01
-5.983703226284792231e-01
-5.983365519995826887e-01
-5.980658272137601150e-01
-5.979239966421562302e-01
-5.977494865385075684e-01
-5.984014595036000195e-01
-5.983108219130749417e-01
-5.983977035156051727e-01
-5.984708450552070902e-01
-5.986169623135907392e-01
-5.986414152169043934e-01
-5.986650599282800078e-01
-5.986874932247182590e-01
-5.987084756652070183e-01
-5.987278826152673261e-01
-5.987731976626692321e-01
-5.986630933024993384e-01
-5.987015634527761421e-01
-5.988008023391940826e-01
-5.988287477647469270e-01
-5.988293840195284545e-01
-5.988303063578717111e-01
-5.988313838552321577e-01
-5.988325249233010794e-01
-5.988336656749476683e-01
-5.988171921997760272e-01
-5.988682418385932182e-01
-5.988759061231917480e-01
-5.988688524364473853e-01
-5.988237777629735747e-01
-5.988307797172827129e-01
-5.988378479517014741e-01
-5.988384485342601593e-01
-5.988370349383910218e-01
-5.988377190135748540e-01
-5.988351340588997651e-01
-5.988335298090482484e-01
-5.988339097188581928e-01
-5.988345013496017000e-01
-5.988349589316568355e-01
-5.988352210954875909e-01
-5.988571932086098615e-01
-5.988665562255607311e-01
-5.988425554433910447e-01
-5.988374027604174143e-01
-5.988366338084067930e-01
-5.988369543568144993e-01
-5.988236672845527186e-01
-5.988302323337936217e-01
-5.988350260042328843e-01
-5.988358275604591663e-01
-5.988466878120918269e-01
-5.988450419141220227e-01
-5.988339377216571613e-01
-5.988344899710207336e-01
-5.988313077655388339e-01
-5.988357127602620400e-01
-5.988360705229588410e-01
-5.988367211303309290e-01
-5.988357375002679728e-01
-5.988366104058809869e-01
-5.988366564113184465e-01
-5.988364776095096431e-01
-5.988358308438509470e-01
-5.988363409014582084e-01
-5.988360028600792084e-01
-5.988362132207714073e-01
-5.988343379675684641e-01
-5.988328083596795581e-01
-5.988351237827145290e-01
-5.988361170098041031e-01
-5.988360652779445292e-01
-5.988367474720003303e-01
-5.988361574808606091e-01
-5.988356040830377092e-01
-5.988358232810927495e-01
-5.988352609150149330e-01
-5.988347042828798816e-01
-5.988341593658353945e-01
-5.988336278357110354e-01
-5.988323656665772710e-01
-5.988320042366513940e-01
-5.988316309760770562e-01
-5.988312466567318193e-01
-5.988306938705633131e-01
-5.988303295520782665e-01
-5.988306436105496067e-01
-5.988300731447407932e-01
-5.988289825275989742e-01
-5.988285575992354781e-01
-5.988281185953708841e-01
-5.988276558713356845e-01
-5.988271685896863206e-01
-5.988266560928294791e-01
-5.988262228861037650e-01
-5.988256308019664909e-01
-5.988245967675650538e-01
-5.988240694971713740e-01
-5.988238585160645666e-01
-5.988231099835333859e-01
-5.988222059289624033e-01
-5.988214820165173036e-01
-5.988207009059930419e-01
-5.988198685622209139e-01
-5.988189883383777667e-01
-5.988180579568542772e-01
-5.988170711211379116e-01
-5.988160522576433387e-01
-5.988149854769140301e-01
-5.988138643010434414e-01
-5.988126869235387284e-01
-5.988113365610077121e-01
-5.988100998305753153e-01
-5.988087620099515895e-01
-5.988073366185906465e-01
-5.988058109871536860e-01
-5.988042477664604624e-01
-5.988026838750887260e-01
-5.988008398073401128e-01
-5.987990170425212533e-01
-5.987970939087462474e-01
-5.987950334960771004e-01
-5.987929580961794951e-01
-5.987907306966110399e-01
-5.987883717150120910e-01
-5.987859301705683590e-01
-5.987833542474261250e-01
-5.987805987710563826e-01
-5.987777891424408416e-01
-5.987748058908973769e-01
-5.987716732305384815e-01
-5.987683805682991744e-01
-5.987649411563888968e-01
-5.987613114596667119e-01
-5.987574903612907784e-01
-5.987534718052996974e-01
-5.987492500572104692e-01
-5.987448214152122361e-01
-5.987401712834417022e-01
-5.987353106794975899e-01
-5.987301911576855540e-01
-5.987248177494265411e-01
-5.987191630295151112e-01
-5.987132425863013196e-01
-5.987070093685603611e-01
-5.987004877366461919e-01
-5.986936268086039403e-01
-5.986864217956001655e-01
-5.986788467092274413e-01
-5.986709065905408966e-01
-5.986625630607278481e-01
-5.986538012231138461e-01
-5.986446000795051514e-01
-5.986349376030565272e-01
-5.986247920673821721e-01
-5.986141308871344435e-01
-5.986029461248436601e-01
-5.985911946687266783e-01
-5.985788551620923048e-01
-5.985658963245469311e-01
-5.985522894852377540e-01
-5.985380019455212031e-01
-5.985229943782902629e-01
-5.985072342684386593e-01
-5.984906864003881610e-01
-5.984733093366232382e-01
-5.984550616605762707e-01
-5.984358991012977969e-01
-5.984157772960445598e-01
-5.983946496379456415e-01
-5.983724608617977392e-01
-5.983491582104923934e-01
-5.983246914427694518e-01
-5.982988896544688684e-01
-5.982719104101130725e-01
-5.982435800757797129e-01
-5.982138308204589805e-01
-5.981825919384252677e-01
-5.981497887414122250e-01
-5.981153428625181068e-01
-5.980791750146315922e-01
-5.980411948672587075e-01
-5.980013121813210208e-01
-5.979594328472909170e-01
-5.979154602970415677e-01
-5.978692827333969007e-01
-5.978207965396742374e-01
-5.977698819551733322e-01
-5.977164220585331478e-01
-5.976602864048595753e-01
-5.976013442343400817e-01
-5.975394512139367009e-01
-5.974744652507836262e-01
-5.974062291505952693e-01
-5.973345806711083394e-01
-5.972593509073270690e-01
-5.971803617033014655e-01
-5.970974235817507747e-01
-5.970103411902328849e-01
-5.969189080545379555e-01
-5.968229093361375748e-01
-5.967233653653076786e-01
-5.966176037347363792e-01
-5.965065646277447620e-01
-5.963899828983713070e-01
-5.962675849099766667e-01
-5.961390811084306129e-01
-5.960041687165930080e-01
-5.958625299187617630e-01
-5.957138311041345613e-01
-5.955577235529896374e-01
-5.953938400150050603e-01
-5.952217964515881254e-01
-5.950411885706212711e-01
-5.948515934772954372e-01
-5.946525680512725343e-01
-5.944436458793469491e-01
-5.942243411649418272e-01
-5.939941418473604351e-01
-5.937525124744924554e-01
-5.934988904188537306e-01
-5.932326879845474243e-01
-5.929532869803967321e-01
-5.926600423258171491e-01
-5.923522762088652138e-01
-5.920292792942856153e-01
-5.916903076847227494e-01
-5.913345837517199888e-01
-5.909612921859811463e-01
-5.905695795310410556e-01
-5.901585521551800939e-01
-5.897272752822788622e-01
-5.892747702454461667e-01
-5.888000124764835030e-01
-5.883019310098747123e-01
-5.877794056282265034e-01
-5.872312645185185920e-01
-5.866562831120545329e-01
-5.860531806029899426e-01
-5.854206197842128923e-01
-5.847572029360451618e-01
-5.840614699407475907e-01
-5.833318968155101203e-01
-5.825668936118906238e-01
-5.817648003145382551e-01
-5.809238859068822647e-01
-5.800421866216369793e-01
-5.791181201255335420e-01
-5.781495844302254605e-01
-5.771345384319053196e-01
-5.760708575663728848e-01
-5.749563316316019801e-01
-5.737886624200717600e-01
-5.725654615971982331e-01
-5.712842486797176100e-01
-5.699424489601683241e-01
-5.685373921320217017e-01
-5.670663103199409250e-01
-5.655263368573150151e-01
-5.639145052339511466e-01
-5.622277485710830414e-01
-5.604628988371207488e-01
-5.586166869308211158e-01
-5.566857433066356720e-01
-5.546665987374697071e-01
-5.525556863989744549e-01
-5.503493432604865676e-01
-5.480438138551220195e-01
-5.456352538514961381e-01
-5.431197344334439681e-01
-5.404932481603512695e-01
-5.377517170017773740e-01
-5.348909986788021875e-01
-5.319068973957326030e-01
-5.287951752454245202e-01
-5.255515630310920727e-01
-5.221717761659067092e-01
-5.186515303842823554e-01
-5.149865607956423119e-01
-5.111726423232275662e-01
-5.072056125263997295e-01
-5.030813977173078655e-01
-4.987960407639452365e-01
-4.943457328580518895e-01
-4.897268480519567091e-01
-4.849359799868585008e-01
-4.799699829272682239e-01
-4.748260165102000663e-01
-4.695015926149940788e-01
-4.639946270994808053e-01
-4.583034939967360333e-01
-4.524270838721765609e-01
-4.463648651454414362e-01
-4.401169485516585600e-01
-4.336841540275058193e-01
-4.270680801653764513e-01
-4.202711759908552835e-01
-4.132968136874363707e-01
-4.061493613086654686e-01
-3.988342554297015785e-01
-3.913580714078304656e-01
-3.837285907476600810e-01
-3.759548630536790892e-01
-3.680472623350412587e-01
-3.600175352180272070e-01
-3.518788487468933468e-01
-3.436457827627077966e-01
-3.353343631777186418e-01
-3.269620396417631247e-01
-3.185476616049142118e-01
-3.101114151801088181e-01
-3.016747322039321499e-01
-2.932601876748015535e-01
-2.848913366043498430e-01
-2.765925432559360742e-01
-2.683887569390001060e-01
-2.603052532552218579e-01
-2.523673445839272889e-01
-2.446000553169000169e-01
-2.370277676047624071e-01
-2.296738219429569905e-01
-2.225601220659111645e-01
-2.157067129067589406e-01
-2.091310793253507994e-01
-2.028488129107823279e-01
-1.968716675961031393e-01
-1.912076018139785283e-01
-1.858626471095836397e-01
-1.808370607884341175e-01
-1.761275762472972739e-01
-1.717267382724413372e-01
-1.676229270455260323e-01
-1.638005048861070345e-01
-1.602394547206724140e-01
-1.569181197530360172e-01
-1.538099915670090856e-01
-1.508866479300246533e-01
-1.481176918168571610e-01
-1.454712562751567240e-01
-1.429146511066939351e-01
-1.404148963680957873e-01
-1.379393240114812902e-01
-1.354561529378698892e-01
-1.329350552835749932e-01
-1.303478363626288938e-01
-1.276691573380234479e-01
-1.248774100527086511e-01
-1.219557731631596559e-01
-1.188933780828531350e-01
-1.156865955782064165e-01
-1.123403489386185922e-01
-1.088692370827298028e-01
-1.052983149814317038e-01
-1.016631171012115781e-01
-9.800888028627544046e-02
-9.438848306522158726e-02
-9.085930738761774372e-02
-8.747886587464152874e-02
-8.429964228354791533e-02
-8.136365339029767718e-02
-7.869752931523364692e-02
-7.630883947745725759e-02
-7.418447689345027130e-02
-7.229147246496850365e-02
-7.058038387186457707e-02
-6.899072611377186914e-02
-6.745768992653350393e-02
-6.591911240286624230e-02
-6.432176376668218010e-02
-6.262630877204965196e-02
-6.081085287791028471e-02
-5.887314985042269022e-02
-5.683158998035163501e-02
-5.472464176180574097e-02
-5.260790603622633732e-02
-5.054764455039791049e-02
-4.861033427886718439e-02
-4.684930222882002782e-02
-4.529163632091685876e-02
-4.392982067873066332e-02
-4.272192413373250564e-02
-4.160262245826373828e-02
-4.049972257939860043e-02
-3.935328850770837550e-02
-3.812895247027076745e-02
-3.682318025399107519e-02
-3.546120556167399462e-02
-3.409013324255075889e-02
-3.276821571392729560e-02
-3.154942289377344472e-02
-3.046464376814720168e-02
-2.950692381858044042e-02
-2.863168236288201815e-02
-2.777656805317624614e-02
-2.689108417043059931e-02
-2.595852395699145554e-02
-2.499623927169399018e-02
-2.404202832520446753e-02
-2.313751260987958330e-02
-2.231215596109207069e-02
-2.156752857552229202e-02
-2.087226930616376333e-02
-2.018166435134727960e-02
-1.947098452670168595e-02
-1.874973580149861402e-02
-1.804538501262931832e-02
-1.738139911732815984e-02
-1.676703844911508340e-02
-1.619140789958172996e-02
-1.562805002067070223e-02
-1.506060368054566029e-02
-1.449943750131869012e-02
-1.396218499342057745e-02
-1.345466457976570059e-02
-1.297334450993839483e-02
-1.250642796187963549e-02
-1.204448437208502885e-02
-1.159533512246811379e-02
-1.116695117087152314e-02
-1.075669382560478192e-02
-1.036155304322014699e-02
-9.976220994136222181e-03
-9.602518817082827604e-03
-9.244919014274667265e-03
-8.899894260868139798e-03
-8.567274623000605688e-03
-8.244722685711436752e-03
-7.934386541195936893e-03
-7.635490478838418554e-03
-7.347033214225024214e-03
-7.068788443013254014e-03
-6.800484045903852637e-03
-6.542078939457025843e-03
-6.292907333076828633e-03
-6.052647485525658282e-03
-5.821363426337846508e-03
-5.598096519414600195e-03
-5.383437281902361295e-03
-5.176200561419157416e-03
-4.976829459428680318e-03
-4.784778584182466238e-03
-4.599592340823534763e-03
-4.421539142580296899e-03
-4.249996812923710794e-03
-4.084699568705931101e-03
-3.925735162473155231e-03
-3.772721546801753329e-03
-3.625297744665020600e-03
-3.483399628141420692e-03
-3.346918411390280290e-03
-3.215593236667443119e-03
-3.089182145215781453e-03
-2.967523137812312466e-03
-2.850481669115324974e-03
-2.737906299497141517e-03
-2.629629591092495777e-03
-2.525484442955934668e-03
-2.425316779913777067e-03
-2.328982061693497373e-03
-2.236343969412169473e-03
-2.147268982394976485e-03
-2.061625299691610159e-03
-1.979286807324724239e-03
-1.900133453210714864e-03
-1.824050985460155556e-03
-1.750916519409784428e-03
-1.680619100163021490e-03
-1.613043741647662106e-03
-1.548112759397922075e-03
-1.485740936556436938e-03
-1.425791808052051524e-03
-1.368178011631010884e-03
-1.312859095854650594e-03
-1.259689958460736376e-03
-1.208624154676311195e-03
-1.159569361271736319e-03
-1.112451326963163987e-03
-1.067195214732523162e-03
-1.023742373658609707e-03
-9.819955167689473421e-04
-9.419230751324991812e-04
-9.034447869312930155e-04
-8.664904580077763784e-04
-8.310118576446608998e-04
-7.969547712314838410e-04
-7.642610770529207048e-04
-7.328757805347694328e-04
-7.027480702559557851e-04
-6.738297715917292326e-04
-6.460741633334726773e-04
-6.194368699252147730e-04
