3.482542228259375607e-11
-3.744314868308902313e-11
3.443189374993597141e-11
-3.710913628085382937e-11
3.453957524258033512e-11
-3.769748610460852947e-11
3.493604220962270263e-11
-3.711047646858392794e-11
3.402792095490938278e-11
-3.750575824396533022e-11
3.474617186921457342e-11
-3.419177851817044012e-11
2.622066738952051193e-11
-2.522529785134022761e-11
1.835009406355908092e-11
-1.194766807749109018e-11
-2.985916813237877864e-12
1.031330654860895063e-11
-2.071458627842438956e-11
2.403901983441610770e-11
-2.642395480067332447e-11
1.324808548354771141e-11
6.825445973525681280e-13
-1.625166220232927144e-11
1.643559992353365022e-11
-1.595377949081238661e-11
1.132048665105845761e-11
-8.536539516461347775e-12
-1.039263067324096802e-11
2.811887543433206267e-11
-4.777098740721594391e-11
6.400870938533233508e-11
-8.241253947789883128e-11
8.126968608781271242e-11
-6.855856437856798818e-11
3.663239189816082355e-11
-1.601323267826788762e-11
2.225628318185108462e-12
2.035366926625749139e-11
-4.043371918094217656e-11
3.168133610881821037e-11
-2.563203243942565100e-11
1.392637252662012169e-11
-2.650362554535477954e-11
3.543951200434234789e-11
-2.603331559046081814e-11
2.055523626026573733e-11
-1.274244262480638953e-11
-1.341063394918132024e-11
1.885913903195005854e-11
6.854276778872156351e-12
-3.619099664482376713e-11
5.605346406969998893e-11
-7.546688939331329791e-11
3.152148890849161785e-11
-8.573371643217208434e-13
-1.892505853364176518e-11
2.056878879970000663e-11
-2.288499790580781757e-12
3.460983691549164380e-12
-1.449471942610599978e-11
4.730110609677913596e-11
-7.214971413774583209e-11
6.242637285874071689e-11
-5.246788681197697010e-11
6.416221176164683237e-11
-6.762709404202503326e-11
1.954749831863251784e-11
3.298652301410840868e-11
-8.070564359339899923e-11
8.105053600578990866e-11
-2.389765552225153653e-11
-8.559515293807488823e-12
-2.130774531642593215e-11
6.024134377694501466e-12
-1.110569065394218253e-11
-1.130837058978973706e-11
9.702659600522374199e-13
1.180109624287392962e-11
3.471645524641818331e-11
-3.986083081182787492e-11
1.030590326749731090e-11
3.063104556365503887e-11
7.355936625834502784e-12
-5.693238858139571273e-11
5.007229839319778696e-11
-2.458139660012802791e-11
1.529831055996533603e-11
1.247904161462847529e-11
-4.578745057193557076e-11
-4.434703883372327039e-12
6.778977227678802636e-11
-5.026178981349380574e-11
1.890821426961699606e-11
-4.278057813408969063e-11
2.577580565536387300e-11
2.969663115025272823e-12
-9.904287369687773503e-12
7.128735952283676136e-11
-1.258384595722256575e-10
5.441524234137801821e-11
-2.206241039728373084e-11
2.710170413540177629e-11
-1.461150978105560355e-11
4.575626999719634651e-11
-1.453381331556813824e-11
-6.107065482974721665e-11
1.490582968697792174e-11
-3.916519198967437771e-11
1.930175920928089365e-11
-4.203295394226131501e-11
3.322589391646385004e-11
4.970608594760985474e-11
-4.203924786655003077e-11
1.391817541448166479e-11
5.597226561401210762e-11
-3.385625970734501730e-11
1.808774540879047393e-11
-2.437537734826633240e-11
3.116715798093914296e-11
1.071140574706652822e-11
-3.543336541972061091e-11
-5.328943928390617727e-12
3.425936566137994411e-11
-1.058370529994345956e-13
-2.174248034377829586e-11
-2.578249104365953351e-11
5.148669591154022652e-11
-2.012313182477560943e-11
3.316113435705839252e-12
-4.911724271648994445e-12
-5.592633068205231253e-11
1.092534937140478481e-10
-6.854396768563970784e-11
1.640505743672696590e-11
-2.867794682838215208e-11
9.244003077814163712e-12
2.977472563258867226e-11
-8.503185338864291011e-12
-5.358073898278938693e-12
-3.415713072978914178e-11
-1.316531892361394675e-10
3.663178399409546476e-11
-2.050444959173490675e-12
-1.623176691553215195e-11
1.313290351333020895e-12
-3.288991573136180533e-11
-4.439556598039901101e-13
5.685968974827321027e-11
-3.328929092358526179e-11
2.612662612875870336e-11
-2.517322775454917921e-11
-3.370218169543456387e-11
2.373174155248747801e-11
-3.991562096680420328e-11
6.051571559528040150e-11
-7.705943734721135115e-12
-4.401048876744711592e-12
2.342549129095011269e-11
-7.003868909339424609e-11
-2.922207022676125396e-11
5.922394681618222042e-12
-4.519168200216728055e-11
1.045729284753941050e-11
-8.734769977240921071e-12
3.836024427227744182e-12
1.562155637683476845e-11
1.307999073749980442e-11
4.058345800392199900e-12
1.912085989538058050e-11
2.363446845820706579e-11
-3.510882815855988399e-11
6.982149472356934619e-11
-5.709567602837332922e-11
3.555498710887037074e-11
9.206150281503361490e-12
-3.539804756169535240e-11
3.834969415457614562e-11
-2.175465318940797188e-11
7.640761312837441423e-12
-3.270092073172436363e-12
4.229991897249628218e-12
-1.384338401200703976e-11
2.523633334132626132e-11
-2.138314174799735767e-11
-4.842314263689437081e-12
1.791598508742314881e-11
1.767023472181577411e-12
-2.834032141444338831e-11
2.631034382501740122e-11
-1.235414531058073049e-11
-7.981203109419267731e-13
2.455034410377910400e-11
-4.947605408037380887e-11
2.768487431649604715e-11
2.088632568600521260e-11
-3.273761089861459728e-11
9.922698260035279175e-12
-1.025706791024200578e-11
1.442450301666897403e-11
4.973184075643773051e-12
-8.008038093507809943e-12
-1.601994894062374742e-11
-5.216175018907699728e-12
4.679737666654574356e-11
-2.678099065449232919e-11
-1.825337739316411765e-11
1.776145197975677395e-11
-2.813546550353972768e-11
4.713896798551320817e-11
-6.660613554053865829e-12
-2.991951527464733412e-11
-1.115930702545968294e-11
2.274089847453080087e-11
7.979891551233528166e-12
7.499560250452910211e-12
-1.130162827998915884e-11
-3.199800215181663524e-11
8.449785910255284807e-12
1.305749263639565435e-11
4.274794029434245082e-11
-5.092749245740578410e-11
1.892848428568996624e-11
-3.659684529997245709e-11
-6.384141426915679528e-12
5.421045271883592910e-11
-9.779435453376557297e-12
7.592985788588466221e-12
-2.959889592170957397e-11
-1.208017635350078531e-11
-1.213146304043392343e-11
1.981517564724306952e-11
2.599605042475564035e-11
7.666607022902990199e-12
-1.923255186768160187e-11
-6.811638438518130643e-12
-2.028252525286738493e-11
-2.418566630481100701e-11
3.529551437740894687e-11
2.270322937626422968e-12
6.862864883023612853e-12
1.528805386906051835e-11
-8.769366570483040784e-12
-2.487938867411983047e-11
3.901266668602387329e-12
-2.362704268265168864e-11
1.703750415713332007e-11
-2.407137129704609339e-11
1.595732955262267344e-11
8.535986762195445680e-12
-3.826281769865649734e-11
2.322211425276695057e-11
-1.762760554565597105e-11
-7.149126476818732511e-12
-9.717321554797715129e-12
2.050752325214499777e-11
6.029382222312221411e-11
6.650884354094086939e-13
2.274089718314908184e-11
2.951572336251274183e-12
2.120025876850618960e-11
-2.151919056566056143e-11
3.548687258568586176e-11
8.152273247659382006e-12
-3.150301591206466880e-11
3.250482342434747646e-11
-1.916860470912134648e-12
-2.254384114429559412e-12
-1.028690398889413780e-11
1.015958158823290779e-11
9.916755696674625073e-12
-1.101664778560405382e-11
-1.409904776808057977e-11
1.981901467781923818e-11
1.134478910303353309e-11
-3.192588458484784357e-11
5.575855268232942978e-12
2.213424178406026659e-11
-5.778887083406312392e-12
-2.393815644216997358e-11
1.743118517625605902e-11
-3.940857946436302216e-12
2.373001238201797150e-11
-4.040059757079421708e-11
1.610388371445019296e-12
4.479215337618072385e-11
-3.238161807298752774e-11
-3.997221022027947321e-12
-7.500136949271953272e-12
3.250380184933429404e-11
-1.035040335823708748e-11
-2.077960442081150812e-11
1.934094377738689987e-12
1.164552952992083939e-11
3.053934647272051349e-11
-5.747604408549130928e-11
9.222397815151045112e-12
3.099665895939684438e-11
-6.641778324214366473e-12
-8.905457592208186155e-12
-2.041999013139473196e-11
1.233978142803693240e-11
3.092708740516766442e-11
-1.381406394232369007e-11
-4.120452423079137644e-11
2.478183734294889904e-11
1.933863469555259382e-11
2.792487452897835113e-12
-3.245721119493089774e-11
8.526590092472481113e-13
7.383821663704126258e-12
2.798740337121886655e-11
-4.249840633470326192e-12
-5.685322053260196417e-11
3.259830810635191829e-11
2.254954160254325987e-11
-1.229459606140552725e-11
6.460475533369899926e-12
-4.401608435906306585e-11
2.367951128492164277e-11
2.414666343761734210e-11
4.418219965765283864e-12
-3.373048792481225505e-11
-1.669962490466154189e-11
3.812908237716557772e-11
-8.948330902742736853e-12
1.916854518847959106e-11
-2.189021437646112729e-11
-3.362550572782709707e-11
3.095210194082059627e-11
2.691738338049748283e-11
-2.178622194823320194e-11
-5.890108151010659989e-12
-7.672551420167970806e-12
-1.292890446976824351e-11
3.757462100321496454e-11
1.219073123463105653e-12
-1.658643551214751078e-11
-2.239503195589082617e-11
1.342424447904953773e-11
1.674402225722842972e-11
-2.104955154942537665e-11
4.345860147946820255e-11
-5.176874635654899674e-11
-3.963984155256057690e-12
3.285201471009611881e-11
-1.208066760530142426e-11
4.580460373194546913e-12
-1.872109829028060690e-12
-9.191198735717527897e-12
-1.042499952355222010e-11
1.404553886163546590e-11
2.223136457997899126e-11
-2.792792695441329734e-11
-6.649571629401648605e-12
1.575057927802935159e-11
-2.130786961738456083e-11
1.164938751389088126e-11
3.502916487555568860e-11
-3.091112759029796427e-11
-2.102592753741579484e-11
1.756739285801218406e-11
-2.373501364373577651e-11
2.309485195173527205e-11
1.271732405522559285e-11
2.021482592878321421e-11
-2.902391440799278916e-11
-3.356246537017616441e-11
2.390601762732235702e-11
-3.830098627653824678e-11
1.795053757055292938e-11
5.914458648421864449e-11
-1.581151063657215368e-11
1.541145310770210921e-12
-1.383086754313958595e-11
-2.354598435556136375e-11
-4.036186318979102055e-11
1.808086540933120078e-12
3.159243722647817644e-11
1.348127106168697655e-11
1.466563557984712124e-11
3.326982842683495692e-11
3.593291664119107983e-12
-6.628739995217769960e-11
1.546047507221960802e-11
-3.390172352816265992e-11
-3.991855764297058256e-11
1.570351445311881275e-11
5.841876366367690218e-12
2.290787928112666781e-11
-3.399838739101704251e-12
1.949501125529732085e-11
2.891106571705948685e-11
-4.484820662245950869e-11
-4.093016666488975060e-12
1.341633388087711003e-11
-4.525387381810808775e-11
-1.390190700157213831e-11
8.260899240649693780e-12
1.349736098406857393e-13
-1.154522305557641558e-11
1.212328925309113488e-11
2.183943612376596514e-11
1.648335650346796739e-11
-1.018423384132012596e-11
2.048033109502580479e-11
4.411257173787188101e-11
-3.911727512198789240e-11
2.377891099879768881e-11
2.566955139097018605e-11
-1.891621378811036397e-11
1.359468696182070939e-11
-1.299239266594792755e-11
2.547102340970516451e-11
-4.441017399803364978e-12
-2.673787288614284370e-11
2.852846127880974684e-11
5.061068562608413106e-12
-2.201149898196830547e-11
-5.493091206854105857e-13
2.502706872963915197e-11
-1.677034020069988196e-11
-3.240238127764264802e-12
3.065197480682721985e-12
1.237797192892097011e-12
1.576234752969222036e-11
-3.284923723773793187e-11
1.186301290428598224e-11
2.821523090878889462e-11
-3.610423438711353908e-11
7.011102428645188736e-12
1.339686165267915366e-11
-9.878256085505227417e-12
9.564763533469243540e-12
-1.991681785789565939e-11
1.091203270751926225e-11
1.710938203569476102e-11
-2.366559880520257485e-11
-2.641306161268201231e-12
1.745618379309024148e-11
1.192567467790183712e-12
-2.003264127682462602e-11
1.261158486671012056e-11
-1.963750525734082291e-12
1.460897340015576849e-12
1.115987263120857866e-11
-3.878784417177326176e-11
3.998524295768623764e-11
-4.377935938750767264e-12
-2.359238740706607196e-11
1.731327632266941197e-11
-7.088531595002478876e-12
9.551721218040300555e-12
-3.605456086521045104e-12
-1.126655218398097247e-11
2.190036504439049637e-12
2.204248643221173426e-11
-1.807932403765416423e-11
-1.064272390386184652e-11
1.580642105732990127e-11
3.067067005597701307e-12
-9.802831881204145416e-12
7.347018467805227722e-12
-1.958309192462511494e-11
1.993921953793143292e-11
1.461075703088140131e-11
-4.072082872020872629e-11
1.982128409835757198e-11
6.718436481686103498e-12
-4.902973166806928982e-12
4.970418944496514888e-12
-1.902340762889535937e-11
7.195876479088126329e-12
1.949566745691047243e-11
-9.048425337796241915e-12
-1.869176307885327515e-11
3.001580060632977279e-12
2.868790618433462386e-11
-2.299383629734062804e-11
8.413933388009920711e-12
-1.635268224150549108e-11
8.817517027270845520e-13
3.936697740981071957e-11
-3.376255606088656485e-11
-1.084931721818840926e-11
1.368772011054998010e-11
9.669694752687565228e-12
3.013945172850951687e-13
-8.198571577398284142e-12
-2.025760552134266252e-11
1.852813525621774615e-11
2.061261547762782889e-11
-1.361409825662829450e-11
-2.577545109413615039e-11
1.170226332748776766e-11
1.842394234944238868e-11
-5.430752553065068399e-12
5.840207283738873430e-12
-3.514425190902778752e-11
8.945392343429481300e-12
4.313973715697370537e-11
-2.742618682583252262e-11
-5.137105666855882648e-12
-1.247474690703027281e-11
8.253586789310112243e-12
2.615062279930252105e-11
-8.077901278601750042e-12
-2.896390601283199997e-11
-2.093058675973993228e-11
3.614338752163621241e-11
8.275919009672958771e-12
-1.404303217203865366e-11
-6.324987165131256752e-12
-1.848449238286908214e-11
1.447848087413673123e-11
3.608864299723109702e-11
-2.486472975394477615e-11
-1.947229554760365170e-11
3.645663323465051605e-12
2.645483340356107698e-12
2.442999718829238440e-11
-5.024355258119350937e-13
-2.508374834583274110e-11
-1.267706157936129302e-11
1.463642037826659739e-11
2.354081123316911217e-11
-8.194449192109124307e-12
-9.683854466471706834e-12
-6.995323492993122794e-12
-2.298760191903528200e-11
4.882039007178046340e-11
-5.238832670759131567e-12
-1.503919041731133773e-11
1.171243740667923690e-11
-2.204667933533960492e-11
1.839245832802900657e-11
1.131395932017489353e-11
1.069632633092488856e-11
-2.287803757652337744e-11
-1.013989329885707208e-11
6.268968924598520014e-12
1.458524311908657945e-12
1.247878981420578282e-11
1.200381592983238481e-11
-2.335827325554607864e-11
-1.492305538074826769e-11
2.006908982111521932e-11
-1.478218917247124502e-11
2.085667762748308653e-11
1.038219879983367212e-11
-2.307287633130181050e-11
-2.291070211472865410e-12
-8.764627814095399903e-12
1.127522815765428061e-11
2.550997479480651678e-12
1.020813354333435211e-11
9.733645655321266757e-12
-3.470476893716471150e-11
2.186191612058187123e-12
8.437391272686384901e-12
-1.539261152800650007e-11
3.410246091858219825e-11
3.196318283881550994e-12
-1.616547870597345082e-11
-1.205524426057138708e-11
-6.335303854992557717e-12
-2.834101954829788573e-12
9.204276185389813643e-12
2.601042240485191262e-11
4.470723691140758591e-12
-2.022399069783942902e-11
-1.590490561159645444e-11
1.425765951682005917e-12
-2.527715481358967711e-11
3.139809363073597089e-11
3.214137589572741278e-11
-1.794566371776124898e-11
8.777730310698380207e-12
-2.202613487093355381e-11
-2.562149135693617852e-11
-3.351145198428832192e-12
9.337475337160523589e-12
4.021015008031586925e-11
-1.036361272061574652e-11
1.803888508340620689e-11
-6.117254105336387251e-12
-4.440008837489143897e-11
-1.103297622783481697e-11
1.106762780725984042e-11
-1.834473400796228287e-12
1.633784144224633994e-11
3.778921498224902591e-11
-9.060667612308780156e-12
-8.125625492702514296e-12
-2.083547714893949060e-11
-6.322003010862530187e-12
-2.343434947406521917e-11
-7.648412386740933234e-12
3.446775066785202174e-11
5.073311411829848727e-12
-5.430569907832259287e-12
3.926680650891331576e-11
-1.526605681282081588e-11
-1.934397523033576187e-11
2.282114227015361618e-12
-1.793118405672242237e-11
-5.616795246422727934e-12
-2.557676594092824839e-11
2.145899386786635345e-11
2.369521124110867708e-12
-1.285007717305020574e-11
2.678997744660747407e-11
2.138952419447663063e-11
-8.626520298038067792e-12
4.170505804511212604e-12
2.487517883369050852e-11
-2.843990007238090592e-11
-1.453925530353523473e-11
-1.225180998088734660e-11
-2.062040568534955590e-11
-2.285698230976182208e-11
-3.564961785111175506e-11
1.919394550441863409e-11
-1.226263476075451981e-11
-1.983232129106967086e-11
4.032065034003255607e-11
9.696979920504622441e-12
8.940557780724316376e-13
2.207965319185155340e-11
1.974575187290312039e-11
8.960927235345410879e-12
-7.879370372451589408e-12
9.811701165109135003e-12
1.467301836297913132e-11
-1.734433212093177134e-11
-1.115892607672051765e-11
2.458327252112895181e-11
-9.056468120111554642e-12
-1.929987492469322772e-11
2.109055456031681656e-11
5.224442967557998203e-12
-9.716213885079400207e-12
6.759550057173925648e-12
2.571595155477762173e-12
2.094888266413415691e-11
-1.771858402545258787e-11
-2.213266912768193678e-12
3.702023775916725670e-11
-2.582540767965459921e-11
1.084409599497433850e-12
1.334557793714381129e-11
3.301947039029664543e-12
-7.812595738231573008e-12
-4.890682010042288343e-12
1.491344914336890576e-11
-1.352209444145878052e-12
-7.680758213660250720e-12
-8.234414297071374217e-12
2.735740284322463930e-11
-1.456465579125556543e-11
-1.752818769318561234e-11
2.770055235971734876e-11
-9.378115077624124686e-12
-4.379776725855117215e-12
-1.369572297469746902e-12
3.299310418724278281e-12
9.980899339848650135e-12
-1.362702510422292580e-11
-8.708603922684782165e-12
2.836692456683056785e-11
-1.575928196490165206e-11
-1.131491485312841270e-11
1.546841861305283013e-11
2.119378433674073856e-14
-3.795309153842566385e-12
-8.347511949844245037e-12
1.045054851871753022e-11
5.563185176062130288e-13
5.295895547134642660e-13
-1.783634266212911757e-11
1.969065899971654307e-11
6.212868640619184981e-12
-2.809481678083865374e-11
1.868831911213706721e-11
2.411752973751327849e-12
-7.336608512265089316e-12
3.715407935599568132e-12
-1.110776567115361294e-11
1.710457681469407192e-11
-1.934934606607285226e-12
-1.850860361310847432e-11
1.330632637287289398e-11
8.007940320512596160e-12
-1.027942577804494022e-11
-9.039871849003091245e-12
1.767544017734854929e-11
-7.153672190588247113e-12
1.001265199197702347e-12
-5.940346960912399370e-12
-3.358557916413332899e-13
1.791963771241168238e-11
-1.659247547514508559e-11
-9.268850504870668372e-12
2.205097566687883701e-11
-3.737137472843206650e-12
-1.577199066864494312e-11
1.276158655478985838e-11
-7.501096774643434035e-12
1.449053698355251483e-11
-1.183784669164438752e-11
-1.054082918039156117e-11
1.966163884648381431e-11
-2.707527409341913410e-15
-1.269222089823205606e-11
-6.055838603502733233e-12
2.312321037039895263e-11
-1.158940682254581790e-11
-3.032457024974674949e-12
-9.446156350588157044e-13
-2.198639915311531932e-12
2.250927540205474588e-11
-2.266783869626931257e-11
-9.331225615154682196e-12
2.519705200739293834e-11
-3.845820472011519369e-12
-2.398446550651926579e-11
-7.167749773441208326e-13
4.731556984474905547e-12
9.086995882375301876e-12
-3.138338237387733584e-12
-2.019112260499450562e-11
1.249309264036705076e-11
1.793994462504178982e-11
-1.545106005285372972e-11
-1.376586270956824777e-11
1.437127623020324108e-11
5.824052120288649461e-12
-2.842871113916717464e-12
-5.289890245016130113e-12
-1.628971523162060403e-11
2.852742462921664958e-11
3.785729932444273540e-12
-2.961286789608209741e-11
8.193100179910696643e-12
1.073359337372549606e-11
3.220919148540748271e-12
-4.535220778548440219e-12
-1.674867394579116834e-11
9.019419643523162225e-12
1.667711563364856006e-11
-1.981834044096942046e-12
-2.901169096902739056e-11
1.324737171794443706e-11
1.809015028782919908e-11
-1.137054953739783470e-11
9.079840332655611093e-13
-1.797593191705201451e-11
1.363594496661408516e-11
1.913036802120409510e-11
-1.463748629421963315e-11
-2.250148040414016962e-11
2.006693941438618524e-11
8.392543883477278433e-12
-4.507343705754628245e-12
-5.002660549540731316e-12
-1.627321961961639413e-11
1.904495683943166247e-11
1.179280427616993998e-11
-1.059182611110098181e-11
-2.317084587028411772e-11
1.849480104263538777e-11
1.128648083840918970e-11
-9.109431495507668878e-12
1.971716412250610248e-12
-2.048788347542888237e-11
1.425946313994850157e-11
2.147432391465275770e-11
-1.906659465445696759e-11
-1.342685816750619335e-11
1.010806843585421398e-11
7.646874196635214365e-12
2.765364386113880312e-12
-4.969454760673065712e-12
-1.497280364843052724e-11
4.229108142688003773e-12
2.349521573559029613e-11
-9.177520538010585072e-12
-1.850109060720414236e-11
8.622829016828023191e-12
3.017565733396928089e-12
5.630377833849107150e-12
3.489935510099293464e-12
-1.786965524439754620e-11
-5.802047945824611916e-12
2.764594214769630327e-11
-6.835660801799506415e-12
-1.120591864594373125e-11
1.850433180002621977e-12
-4.901145554072233005e-12
1.269763152755537009e-11
3.885923116007305418e-12
-8.539399842457597193e-12
-1.760079007951676219e-11
1.929280180903312952e-11
8.690468498982432307e-12
-1.411539074143737741e-11
5.021241967594212038e-12
-1.135077377100382086e-11
2.637424261796828949e-12
1.938908879199817570e-11
-5.762847331305497943e-12
-2.002461958679712803e-11
5.889302077924490941e-12
1.127519198948875311e-11
-2.952139678562282585e-12
7.268868341069462214e-12
-1.407087898106100653e-11
-1.028742040297267188e-11
1.593594089093921035e-11
1.374470060190963059e-11
-1.213661033083296436e-11
-1.351542844785116875e-11
8.436756219493542200e-12
-7.229357217721249462e-12
1.991495880813040540e-11
5.094001252569054778e-12
-2.749816307344038871e-11
-2.948038372823978108e-12
1.536811235694664196e-11
5.512741311712126769e-12
2.332046372727503699e-12
-4.951365183472454955e-12
-1.967133945324701768e-11
1.037276386741108573e-12
2.481159435923222803e-11
6.293918610165979757e-12
-2.039599418777235427e-11
-1.245110977128857642e-12
-9.724616362548795717e-12
6.858101089258240096e-12
2.421300807796122434e-11
-4.111011805423867804e-13
-2.883056015666721223e-11
-1.830997012056671243e-12
9.141371308937510618e-12
2.524216712286409326e-12
2.251550067236995170e-11
-1.284497270096810736e-11
-2.003208513524565146e-11
-9.094327899214605017e-12
2.287566877122184377e-11
8.924827542564723737e-12
-3.283983380076468647e-12
3.340016734693990786e-12
-2.909129831664445364e-11
-2.363667697215936694e-12
2.605268736214440263e-11
8.343203029604003644e-12
-8.300440879401687968e-12
-3.656473858105312874e-12
-1.554881724246604020e-11
-6.768828691163100677e-12
2.392280834476495544e-11
1.292016705180071098e-11
-1.097934300128874503e-11
-1.213098233544185812e-11
-3.050402505907724093e-11
-5.847582578648086910e-12
1.031033232285030126e-11
2.490535746589108444e-11
-1.432145430458315230e-11
-1.748004344696425510e-11
5.562744904444181509e-12
-7.560854037061107930e-12
7.728566354061933374e-12
1.977002109753889780e-11
3.011999200176134250e-11
-1.634008188048379857e-11
-6.280693252142690437e-12
7.850984883212381319e-12
1.297690223650945389e-12
7.384394932960612759e-12
1.375318775621225343e-11
-2.343146522764046249e-11
-1.133795300904859888e-11
1.262325055020665123e-11
5.641765143904414511e-13
5.066686387312987334e-12
1.324549081734812375e-11
-1.080198730010892223e-11
-2.184260808795753515e-11
5.511847004161439508e-12
6.279784684899803390e-12
8.369296194794642999e-12
5.407884374407551148e-12
5.785029830370905062e-12
-1.756027039285655515e-11
-2.369599453028415584e-11
1.974919332036460110e-11
5.281813512486048493e-13
7.783262730037290879e-12
1.960218356294265030e-11
-1.029734053101370779e-11
-2.306561781361890634e-11
-8.232024100965968271e-12
4.511094272494279245e-12
4.547226675232060413e-12
1.599044933548521664e-11
1.617447959949724719e-11
-4.694011525291420597e-12
-2.942972537479227044e-11
-2.234065567587616216e-12
-4.503172389933691631e-12
-6.740747645732000259e-12
2.927204112572417157e-11
1.727225192985383034e-11
-8.464101269590998707e-12
-8.105787149700492267e-12
-9.430851568493642515e-12
-2.024685011234834804e-11
-2.117898797008024117e-12
1.360721382649959800e-11
2.321948864030120925e-11
-1.654225749784764091e-12
1.879039694973252364e-12
4.603812423153912340e-12
-3.449009742891198506e-11
-5.390983866940564754e-12
9.855455939165061027e-12
2.704753901580207887e-13
9.774201114042995906e-12
1.667908342684932464e-11
3.174319839922286096e-13
-1.523692357824686092e-11
-1.087601181228160337e-11
-1.064338467653152663e-12
-4.691204908941143516e-12
-3.456026471189491687e-12
2.682259301865916709e-11
6.178290889817604201e-12
-1.352456912752682422e-11
8.097914570100530462e-12
-1.190995337049512964e-11
-2.200045127121898767e-11
7.237189248110917748e-13
7.254690786733792160e-12
1.065877553125437743e-11
6.621961775617784771e-12
1.534494082525176372e-11
9.371129049257096220e-12
-2.157494509773391394e-11
-1.477309089864392314e-11
-8.366455921836329957e-13
-2.666701456933487556e-11
-6.312094611151041949e-12
2.209353271642642262e-11
5.705794746398618364e-12
1.543928104670224479e-11
1.450230814384662884e-11
1.361650733274455096e-11
-8.834291317997568633e-12
-1.841662234282317712e-11
-5.865871192710896773e-12
-1.361969490977336724e-11
-2.627618624026594453e-11
3.258406813425630276e-12
1.610537229457469420e-11
-1.077625703766840100e-11
1.950491530484679469e-11
1.513444103823349158e-11
2.027061977992823847e-12
-5.089002234923947834e-12
-7.131719597444162561e-12
-1.743783544881461397e-12
-2.142003570764250264e-11
-1.901979902909316315e-11
6.511639644903479439e-12
-1.328067329162298208e-12
-1.262198315447955955e-11
2.554486116838717460e-11
1.671448258779011539e-11
3.742560674961753948e-12
1.720354745914333489e-11
1.328171782461094605e-11
8.218824388236944032e-12
-1.025310156906043416e-11
-5.858509352483622182e-12
2.207241540839370817e-12
-2.327939643468375728e-11
-2.469208446003116484e-11
1.748234753539507234e-13
-1.427137297125400729e-11
-2.710049646190595575e-11
3.633190617660846627e-12
-1.931513033455745008e-12
-5.807566217361016430e-12
-2.917754893277940141e-13
5.652465787905157787e-12
1.906293194402190851e-11
-5.501903791751058456e-12
5.804207174072366167e-12
2.634894668529642279e-11
1.686186914970215504e-12
-2.940484539699143469e-12
2.023595030158773864e-11
9.463540410244598475e-12
-3.405379880970544530e-12
5.272505785290303426e-12
8.545330828099664639e-12
8.233122162561029609e-12
-7.660786560040173824e-12
-6.517044991591905090e-13
1.831515844523944592e-11
-7.477711109904579755e-12
-1.048637978831298472e-11
1.502507370192743264e-11
2.845082414546221086e-12
-1.188866140066993224e-11
3.444266828967506790e-12
5.528111070747252196e-12
8.893030793692546467e-13
-5.723490610381922283e-12
-6.237484417223304611e-12
1.950690769472543195e-11
-1.035181259762156128e-11
-1.102193779249732819e-11
1.473891256729157387e-11
1.090090886235500711e-12
-8.658143049177031067e-12
-2.948980629091134112e-12
1.163941202884037213e-11
-3.247081565039451778e-12
-4.581571636022695787e-12
-4.088528463426286047e-12
1.223061150677955794e-11
2.239695450190757207e-13
-1.841755903459017205e-11
1.419348674792004918e-11
6.131386621820605966e-12
-1.202050635670244332e-11
-1.387827317110767559e-12
8.082384202424302535e-12
1.106525936707989921e-12
-4.884353295489375406e-12
-6.716461214753293437e-12
1.140971307260393001e-11
4.303421692085153839e-12
-1.766741136017916397e-11
6.725090668511115809e-12
1.063050027549063619e-11
-7.190882582217036565e-12
-7.895290070792969924e-12
7.122481490231016168e-12
5.995632427148924916e-12
-6.393489325241260945e-12
-5.101923559206916202e-12
3.523477361352680234e-12
1.107463710849259559e-11
-1.089886621980643649e-11
-9.286377014309943630e-12
1.914243320306746711e-11
-4.629709032084437139e-12
-9.078521952317899712e-12
2.947039037339669316e-12
4.038078889800538180e-12
5.480159194360931937e-12
-1.363911086283397026e-11
1.905163835156797785e-12
1.078192753821263435e-11
-1.809743576210612718e-12
-1.239220902745505106e-11
4.609798374725697415e-12
1.297811181463428608e-11
-1.113099973509865952e-11
-4.183293235357453873e-12
4.801545615752797048e-12
6.204978755139694175e-12
-3.469979781378676464e-12
-9.464788303216358052e-12
5.389175408557631797e-12
1.212957672008691857e-11
-1.207090612393697163e-11
-7.360557461344250203e-12
1.404543885832881668e-11
-7.129422233220428840e-13
-4.673985839196070817e-12
-6.405464247408061136e-12
7.807649930889632302e-12
7.438143129602213851e-12
-1.210922017813871954e-11
-2.228548793388943883e-12
6.839130712969043888e-12
8.310978783112459448e-12
-1.385501761471998989e-11
-3.738283557047906915e-12
1.548856330826261735e-11
-4.975705976526647153e-12
-3.167069725862362443e-12
-5.975538044011089062e-12
8.152281237213761158e-12
8.264011418059226494e-12
-1.539373142257801122e-11
-8.721772582332895723e-13
1.085582036609121502e-11
2.313940460034013437e-12
-1.104809461558843055e-11
-2.130867551608720471e-12
1.052387688900183405e-11
1.860409226663187686e-12
-8.954612868532303864e-12
-3.599720236814412745e-12
8.285853212643334604e-12
6.768853064965110844e-12
-1.124801948271732659e-11
-7.354874349557416598e-12
1.600075430268483976e-11
-1.618069981246651827e-13
-9.376328316374637308e-12
-1.243818168782641725e-12
3.445878200511863266e-12
1.064861813470421602e-11
-1.040998172922277098e-11
-8.789284277063871295e-12
1.212366945850620627e-11
4.372115962128146616e-12
-5.469317731164054871e-12
-1.167997827274542866e-11
1.132955027339412828e-11
7.315823395436268225e-12
-1.012726986540981969e-11
-1.369839483150163973e-12
-3.875786772001386818e-12
1.645304005573619459e-11
-4.798051088809968494e-12
-1.566640243480607688e-11
9.150252236147140646e-12
8.266505292646417463e-12
-2.601243221918846503e-12
-9.924163542314223088e-12
8.642047985558496198e-13
8.514261114843637287e-12
4.572495139517502172e-12
-1.284756896220301445e-11
-3.385882261605248467e-12
1.104687440677527835e-11
6.583262184406934614e-12
-1.338660939887401584e-11
-5.277168457093363482e-12
1.302183084913659403e-11
-3.023825129530725360e-13
-1.374688052052134183e-13
-1.098819676806317869e-11
4.567407741791171214e-13
1.911287523253986812e-11
-1.003790771141326106e-11
-1.121314504536320404e-11
6.534155316115569116e-12
5.971258418647325641e-12
3.800111200136377705e-12
-1.272830250727962078e-11
-1.028527692192404510e-12
7.076954145542229999e-12
7.719281376421798858e-12
-6.797445722298517619e-12
-1.571146082449587770e-11
1.705944998186292081e-11
4.522117879438011098e-12
-8.174113073642783569e-12
-3.209876865536897751e-12
-2.776736114604493202e-12
1.019917392613852515e-11
6.167124166900014460e-12
-1.633910238900588179e-11
-3.495526066426280530e-12
1.554392460272761767e-11
4.331800862557080888e-13
-7.224751038095987751e-12
-6.067724331628146137e-12
4.255547846894384669e-12
8.966979396294620498e-12
-9.561955660582569189e-13
-1.030852960072110164e-11
-6.028823923573642141e-12
1.903981459931283835e-11
1.096497336971579289e-13
-1.611687449559406482e-11
6.060094341472010997e-12
-2.529007973248568632e-12
1.064388371251543593e-11
1.364484254142190007e-12
-1.898161501423399513e-11
5.915054159537139115e-12
1.156473003384479122e-11
8.039672239851755757e-13
-1.224078238327586895e-11
-1.627530973642310242e-12
7.133055395510945010e-12
3.761801842072387285e-12
2.363340648851354582e-12
-1.429073556364403523e-11
-2.290365524792801662e-12
1.888449072287307677e-11
-1.901520701689182540e-12
-1.380083141922067272e-11
2.750503934136633035e-12
1.167388519276317989e-12
6.950171526154008772e-12
5.013058970131228507e-12
-1.867993242951531334e-11
4.991865366502009020e-13
1.522203313284730425e-11
4.870843051845227514e-13
-8.525748547706069903e-12
-6.569454041181233980e-12
6.206243894133083623e-12
4.903672460347725780e-12
4.847246041253882243e-12
-9.187305850712557921e-12
-1.450707336269776748e-11
2.104726652100492348e-11
3.688587062925774719e-12
-1.149563439444272688e-11
4.354568972958529464e-13
-6.948930058393512733e-12
1.054992345624358624e-11
8.745970327198206555e-12
-9.786435419496483682e-12
-1.298589189051497074e-11
8.927508812252703203e-12
1.194469550540033507e-11
-5.241654910507083195e-12
-5.283911069705388216e-12
-5.788303486826497547e-12
2.689769924706648267e-12
1.238076784137413223e-11
2.697635351968816223e-12
-2.114319379924919735e-11
2.157197524578026333e-12
1.381475022877621844e-11
-2.421740822678882138e-12
9.569410108658129534e-12
-1.130907452089012625e-11
-7.293800981435264064e-12
1.615049736342830303e-11
-1.011858045321558157e-11
-9.740449192965333866e-12
-1.062500351501195574e-11
4.554552968328736172e-12
8.948052905564559579e-12
1.063886065895213687e-12
1.583109856814233128e-12
-1.778010146364005741e-11
9.515686316532957557e-13
2.053577160260493025e-11
-4.381387281132686987e-12
-7.232096797529678437e-12
-5.157189977045171496e-12
-7.035619933096394380e-13
9.056882258362006539e-12
1.013893013399038249e-11
-1.233840899774079401e-11
-1.243927092408820573e-11
8.650122218104077126e-12
8.869517599434150485e-12
2.101060947691185509e-12
-6.935458588932580701e-12
-6.608184697706184649e-12
-4.171592568390008885e-12
1.466464138550761957e-11
9.408355459382283484e-12
-1.802483814031235380e-11
-3.187534349834935399e-12
2.885483160831352691e-12
3.524816567442396844e-12
1.207701892320108973e-11
-7.923934366773122387e-12
-1.252150104860676906e-11
-2.690957409565282232e-13
1.291055711776029700e-11
6.384044917618143625e-12
-9.615016633359268793e-12
-3.405571606077523064e-12
-7.125062572663345841e-12
7.267252601061259038e-12
1.421927032313223268e-11
-5.221498055742028915e-12
-1.390024495391530371e-11
-8.765307835464297306e-13
7.432927755705834339e-12
4.694830249794081547e-12
6.348340052135451587e-12
-1.154683901569692416e-11
-1.067455715392750452e-11
6.912835854310733707e-12
1.135205785256435559e-11
2.159393118108993321e-12
-8.421112971723297226e-12
-6.951418430434288827e-12
-1.557421114931690350e-12
6.999938693789596841e-12
1.392639777594990509e-11
-7.852970607215334675e-12
-1.372231989632007417e-11
2.316382488058937505e-12
1.782940233872902891e-12
1.213150796716967236e-11
1.003591544188318130e-12
-8.549592366786250283e-12
-1.114697624359994132e-11
2.515467569351876883e-12
1.504523600041376674e-11
5.701436438064228814e-13
-2.151976580788794030e-12
-1.113194605024116857e-11
-4.535582355199625513e-12
6.440467274431900557e-12
1.322889043125563985e-11
9.821196146612781820e-13
-1.410536728122575766e-11
-3.755848114692453236e-12
-1.150980270909005177e-12
9.364556741352347699e-12
1.052908747409852871e-11
-4.879859640162986371e-12
-1.158944505444694077e-11
-7.461815158868273053e-12
8.633023121901898100e-12
9.826462782895846985e-12
2.257761349025439305e-12
-2.762011838068967493e-12
-1.401037837231916559e-11
-4.288288670135025821e-12
1.137996122314316028e-11
9.899030508231150243e-12
1.201886640912994583e-13
-8.895508080149034956e-12
-7.813203746752957044e-12
-3.853385535707684447e-12
1.009643199967757361e-11
1.351795007070704795e-11
-4.700420662939899191e-12
-9.151348895096959972e-12
-8.422950316590256213e-12
1.343177712841680553e-12
8.197426916853169213e-12
9.744021064986719110e-12
2.376327434818256592e-12
-1.737088660048266167e-11
-4.888512447592894258e-12
3.412207518785647566e-12
6.092109714652383139e-12
1.064217791490381574e-11
-4.637442636114508811e-13
-1.070913071021000504e-11
-1.224508633184349076e-11
5.405314195611061376e-12
1.022978393323793080e-11
4.103339972352495104e-12
3.855785345799136010e-12
-9.987806663898451538e-12
-1.193096828116360407e-11
-2.054897723711916771e-13
1.298338786766266246e-11
7.887193596886054449e-12
-3.813785912196020124e-12
2.703348478816171013e-13
-1.580908899453323994e-11
-4.266542945493707229e-12
1.289548997276021987e-11
8.533237979915440961e-12
2.430380235399194420e-12
-7.192119905430029349e-12
1.398668412229300327e-12
-1.042716407504904448e-11
3.818290312449806190e-12
1.681218449957420124e-11
4.079796445021003613e-12
-7.379573330186530411e-12
-3.596507672997432755e-12
-1.020247071357607661e-11
-4.924208994681544413e-12
1.413323501669232746e-11
1.196527511243893494e-11
-2.584764966433714374e-12
-7.711251429919058420e-12
-4.695733428100586949e-12
-1.165123441498116979e-11
5.313656094867330132e-12
1.384153185102690570e-11
9.309929549013121262e-12
-7.111162208019416500e-12
-8.747011632347068319e-12
-1.997294082512483196e-12
-1.501448446783718763e-11
1.342036084682820388e-11
1.593765129954687304e-11
-1.056579044352936695e-12
-2.440958365147208176e-12
-8.368109994648225825e-12
-8.827766565849661116e-12
-6.588774276657495514e-12
1.238884859465705268e-11
1.523145795758581352e-11
-1.770764321471990770e-12
-3.662664569521231697e-12
-4.642453096512362227e-12
-1.405367900969331619e-11
-5.070634303437440550e-12
1.661075782860702946e-11
9.835852793613280672e-12
-2.108345735027169369e-12
4.542203232289133345e-12
-1.048494170216110803e-11
-1.557220047311224348e-11
2.396123081168814580e-13
9.026223030323055889e-12
1.125173072163434888e-11
1.015677512971198052e-12
4.703286990896448956e-12
-5.576906861061303622e-12
-2.184792609600457462e-11
1.428777690106952167e-12
8.986576048883422904e-12
4.862335176294226558e-13
1.281690439672166569e-11
6.988513781183347779e-12
-9.591726567378393386e-12
-1.346856126783050619e-11
-5.668378432183029670e-12
2.947873540920348274e-12
3.187598842636226152e-13
1.242235337671918484e-11
1.306358015564975834e-11
-4.718728348265425969e-12
-1.328363085192274145e-11
-3.668378621120769082e-12
-5.675465768461141129e-12
-9.663844456939982222e-12
1.920959383475351412e-11
1.043212257466688497e-11
6.594195457640937840e-13
2.061138938194504591e-12
-9.987973442854144080e-12
-7.569725720009698784e-12
-1.496627748490379962e-11
5.075384014620675432e-12
1.468278266944948490e-11
1.204887545297432706e-12
1.073592351471590394e-11
6.198057304266587101e-12
-1.365291927860660151e-11
-1.417731948288644267e-11
-2.286163568362788056e-12
-4.287236794323775956e-12
2.653132116004285267e-12
1.319929671166492182e-11
-5.415948536255628063e-12
3.123585639879524303e-12
-7.845203592516615938e-12
-5.504249409974618965e-12
-8.707614276302537981e-12
-1.467209357836520053e-11
3.025927357049065055e-12
1.474668889428529250e-11
1.064132240615256607e-12
1.189417901063899584e-11
8.027344355183755601e-12
-1.013514984212504347e-11
-6.841217370369189187e-12
-1.427949022357168880e-11
-1.925564347086018208e-12
-1.774339114959033259e-12
7.677459685979827731e-13
1.930441313198299524e-11
6.941227791512333906e-12
4.494641717666672292e-13
1.454520764496286087e-12
-5.990947269840704959e-12
-1.612204289134218638e-11
-8.691692824672339653e-12
-2.953670836098056951e-13
-2.315240838496964297e-13
9.771095810052457631e-12
9.712884699631370671e-12
1.146710544418245955e-11
5.440460232735675305e-12
-1.051609677965259948e-11
-1.250038616591120199e-12
-1.146802678090163571e-11
-1.803689902507857151e-11
2.042850421013117248e-12
-1.445425131097314342e-12
6.041208598341600477e-12
1.180653383923678078e-11
9.266590294359329559e-12
1.062632995283625772e-11
-2.684674529677272475e-13
-7.350870727220910650e-12
-4.559217802434834382e-12
-1.182497552048112504e-11
-1.537538652644868849e-11
-2.834776308081094696e-13
-2.118336124952660342e-13
3.039698640601730280e-12
1.019772299421813354e-11
1.245578030350346556e-11
7.525411241779612616e-12
4.791221104734785950e-12
-2.751571553724962162e-12
-5.179313208848858610e-12
-5.899776166034479684e-12
-2.191007487036133970e-11
-1.400262087956275660e-12
-6.446817750214812608e-12
-8.240170168887565945e-12
1.010273266842367748e-11
5.161033014575218840e-12
1.332273191303614270e-11
8.221111142637892369e-12
7.949374185421363053e-12
9.497942494337204776e-12
-1.977045670312915425e-12
-8.225241695102148856e-12
-4.871916911103373733e-12
-7.985690359162944474e-12
-1.838537120803988287e-11
-8.193935631422158401e-12
-2.159364927176491335e-12
-7.959420387092288257e-12
1.155218354565568517e-12
6.501502603559550431e-12
9.256630285502619812e-12
1.112905510761361132e-11
4.429415888371264706e-12
1.504758154715971752e-11
1.077943618393316022e-11
-5.775408044771930561e-12
4.695828928064676685e-12
1.800635168324462354e-12
-1.313718086461488117e-11
-9.015226699985841662e-12
-1.002316070508833719e-11
-9.810277742094450700e-12
-1.455988970437712345e-11
-1.584133294740049364e-11
-2.566600934813106663e-12
-8.225900099625851401e-12
-1.108127443410722969e-11
-2.073472505271441379e-12
6.568469575959873568e-12
-3.110370503920591028e-12
-2.401515145217442109e-12
1.420977538564803008e-11
3.903323040502000919e-12
3.677009451286003709e-12
7.200314613160493500e-12
8.809118784969755114e-12
1.226850359877958764e-11
-3.248594958365508992e-12
8.383929160481440726e-12
1.494482452132060483e-11
-3.513813100252831027e-12
2.649243754391098654e-12
8.585512181946319755e-12
5.694923470244372777e-12
-3.137983247227249169e-12
9.079809498087110275e-13
8.208005193324069569e-12
6.592188102895790413e-13
-3.762403420106158532e-12
3.608592683903158498e-13
8.883354009764085182e-12
-3.238204593428647301e-12
-6.392061277773917122e-12
6.692090634491983933e-12
4.779096785863931529e-12
-8.273953522910866016e-12
1.720473505932510868e-13
6.038681800305238635e-12
-1.288897729582427305e-12
-2.018433965974059798e-12
-4.698959817127996258e-12
1.027247555636962325e-11
-2.427924878307565291e-12
-8.862842673894532239e-12
7.412569450304275111e-12
2.065589765991551732e-12
-2.548846316892194839e-12
-5.706254808076111055e-12
6.452415120574518391e-12
3.137069792397257748e-12
-7.625281947006009183e-12
7.616894349827337313e-13
3.813200607656298418e-12
2.043546958888577080e-12
-6.216077260184623661e-12
-1.417188833599709397e-12
9.402283561244548883e-12
-4.231608431944373376e-12
-6.021144831941614769e-12
5.560214560385673446e-12
2.037557546381298737e-12
-1.999224450270337994e-12
-4.667106068248882277e-12
3.814122220848596975e-12
4.800156548051106379e-12
-6.623893293311713873e-12
-1.398812686898266404e-12
5.061487908781244444e-12
1.268089517867526752e-12
-5.013514270949001852e-12
-1.307934541370874532e-12
6.204163962652468164e-12
-4.475767698230634322e-13
-6.342718569115599331e-12
3.156255321489593559e-12
3.000541090353444622e-12
-1.372889818898967752e-12
-2.775975640806034878e-12
-9.894151603335823437e-13
7.471589976465402618e-12
-5.005223262738803789e-12
-3.141029759254657296e-12
4.484449074366688846e-12
2.073150567356950888e-13
1.453301606556015928e-13
-5.661887773449532890e-12
5.435527488474702829e-12
1.541518666689609333e-12
-4.760988637806001001e-12
1.502355866901039195e-12
-6.291707115391778595e-13
4.193623462228282111e-12
-3.587208524675178508e-12
-3.085224503306401889e-12
5.868407052369446290e-12
-9.348296032468801349e-13
-2.913160947038862460e-12
4.876280021450606476e-13
1.433692685569801162e-12
1.157861950077157605e-12
-2.075066022165765080e-12
-1.800003370813010995e-12
3.362234236406666680e-12
5.904250677389626638e-13
-2.702197740679544792e-12
-8.847669833735930081e-13
2.669904756247214205e-12
1.595743580923379447e-12
-4.767810674236221129e-12
1.768919375282242408e-12
1.441438489551703875e-12
-8.446307425152334430e-13
1.680903583824565208e-12
-5.780264154996219188e-12
5.186761850498357196e-12
2.360969513932757103e-12
-6.926544628246005694e-12
3.101871712790706496e-12
7.399018916879544396e-13
9.412600345378916633e-13
-1.545641420859422317e-12
-2.558646522575805670e-12
3.536597611042896644e-12
1.288791138064339181e-12
-2.509970284742253167e-12
-2.961920548319266213e-12
4.018599449559570295e-12
3.395268499574054767e-12
-7.206795871368605611e-12
1.000568052799440647e-12
4.319968594947684033e-12
-2.075074738843090768e-12
1.019483483289922714e-12
-5.020610617941423382e-12
3.427974710041631616e-12
5.810616763784816553e-12
-8.067079927332860516e-12
-1.449194858480277228e-12
6.851298622508834223e-12
-4.334853223055814152e-13
-4.247395542773610130e-12
-3.620582640241353912e-13
2.051345416110659445e-12
4.172223860943308263e-12
-5.012763852086746403e-12
-3.125632552438180023e-12
4.350954440804621576e-12
4.827208551093672879e-12
-6.192967223663414696e-12
-5.639069706536921969e-12
1.138639888248270348e-11
-3.100152883248339638e-12
-2.849896088708647359e-12
-5.324448254496838957e-13
-8.972247304922800342e-13
8.977655355985821092e-12
-6.517989318344519121e-12
-6.585490260238706100e-12
8.460457183521358261e-12
3.515341624439366195e-12
-7.198653057953687700e-12
-2.184370440257363518e-12
4.737200767634530272e-12
3.035227643257557162e-12
-3.300806067770817175e-12
-4.337329674811764179e-12
1.917305925678933637e-12
7.093068759060828057e-12
-2.497186362092908096e-12
-1.046977297552228158e-11
8.092314887995791655e-12
6.001171914314744859e-12
-8.147534037954921092e-12
-5.183734803200517200e-13
8.074131418073927736e-13
3.402029028345393489e-12
3.226838491467341937e-12
-1.054591648691120609e-11
1.371449378745301168e-12
1.052405699947930816e-11
-4.793590037032880845e-12
-6.100403128604187006e-12
1.959874548553820112e-12
6.158343200865280620e-12
-1.581339118741763031e-12
-4.379010637632505511e-12
-7.124786704243297289e-13
2.843747794648905021e-12
6.366714793034551960e-12
-8.249188299631674144e-12
-5.293425425591779245e-12
1.210877019823291929e-11
-1.723529780498313455e-12
-6.260466713408658308e-12
2.107666755782693027e-12
-9.170070655617018714e-13
5.595290214421241076e-12
-1.397871021167658657e-12
-8.138507171801781093e-12
4.548011010956089100e-12
6.472492837556667165e-12
-4.599615638397854118e-12
-5.267726923710252207e-12
4.262200564290303265e-12
2.823480184783643991e-12
-1.502410359604459581e-12
-1.945347820758165658e-12
-1.901155207266391118e-12
2.389539357266321605e-12
6.258645623200901245e-12
-8.204071185516712987e-12
-3.099370834712892503e-12
1.011002762456207747e-11
-4.699591759129518883e-12
-1.357731265264366858e-13
-3.478610989413656015e-13
-2.742497403674650705e-12
6.340392356851488092e-12
-1.086241964379030978e-12
-5.059378245627703819e-12
6.261683106876101011e-13
5.214242135598023214e-12
-1.402217260039579835e-12
-3.786331720014933302e-12
1.865616776886600702e-12
1.594207694926690282e-13
6.762996189420323603e-13
2.300728060822834080e-12
-5.670018353499472363e-12
-1.158177786778781611e-13
7.967493212617875910e-12
-5.591920115597639459e-12
-1.459889704895754264e-12
2.988564400518904430e-12
-3.056364233591662621e-12
4.601041788030192656e-12
-9.754262262906724236e-13
-5.175147809087918107e-12
2.768318765140133277e-12
3.416174288484240344e-12
-1.206386827296938649e-12
-3.836035198286770350e-12
1.230272528062674801e-12
2.179678881075126242e-12
-2.059827691358008996e-13
1.008079363181056530e-12
-4.698774582962405837e-12
-3.900141383481051282e-13
8.884395986514142169e-12
-5.143730839751238290e-12
-4.358039890637974088e-12
4.108087385133151746e-12
-8.469918201502262878e-13
3.832480002051863356e-12
-2.693830534591409158e-12
-5.396786996514443817e-12
4.298879196854282110e-12
4.624631301132494874e-12
-2.549334762189836276e-12
-5.836699262145093410e-12
2.051932745411454350e-12
5.139338223984921329e-12
-5.293789827203429522e-13
-3.548671124554221046e-12
-2.283289159802069632e-12
1.371335029411498041e-12
7.920781250814665079e-12
-4.160696266201590525e-12
-8.739530412396686693e-12
6.791468335882671050e-12
2.690554382071786153e-12
1.943858273317714384e-13
-3.408754841588672540e-12
-5.561435855899091658e-12
7.315763825630150176e-12
3.991133611480735209e-12
-4.460207792732251771e-12
-5.490199213972790357e-12
1.259836067052572032e-12
8.880993271599000037e-12
-2.351199960807610577e-12
-6.305473030224462570e-12
-3.385592784948081581e-13
2.962224876068922794e-12
6.337069231133199046e-12
-3.923049797420089722e-12
-8.481265546518474072e-12
4.308641807333473456e-12
7.201752639807337108e-12
-2.145029820739447220e-12
-4.359022508652812027e-12
-3.943966457330881894e-12
5.539445267451244128e-12
6.305578145427349228e-12
-6.216011663618899948e-12
-3.859348032707515648e-12
-4.975136267253101783e-13
7.628370962827506864e-12
2.206863412580099700e-12
-9.128146813620588414e-12
-7.135941789024330298e-13
3.853068946036433292e-12
4.024001004858437644e-12
-2.783456991427887146e-13
-7.875841317654741628e-12
-1.457832479231871437e-13
7.865381551542866973e-12
-2.733869461448262012e-14
-2.664728072968974929e-12
-5.747381838983144474e-12
2.686656105602073383e-12
7.503105601368094744e-12
-3.878154287313508779e-12
-2.194232693102641679e-12
-3.300816022150089142e-12
3.275183989731756380e-12
6.044622499698520511e-12
-3.985554619853597228e-12
-5.054345822822153182e-12
1.589489382014600009e-12
3.885999537521255812e-12
9.125083814278981466e-13
-1.441345996237350098e-12
-5.232578336289204841e-12
2.715266491833478861e-12
3.333421980100877179e-12
4.624706853373571300e-13
-2.194872316184644978e-12
-5.339630354982041114e-12
6.166817947250523334e-12
7.293053730589802073e-13
-1.728751673770158364e-12
1.512247746585017412e-12
-6.093111843655268563e-12
3.673053465087852282e-12
4.564920873930161028e-12
-3.825573674310819939e-12
-8.920815238515087357e-13
-1.103852141650825038e-12
1.420134359167401012e-12
2.204492653838006915e-12
-1.782240132846253314e-13
-1.873225289267659314e-12
-3.122648756953934858e-12
2.911761757406446266e-12
4.132083687868559861e-12
-3.439277754372566561e-12
-1.732466501703226261e-12
9.962831274512437813e-13
-2.283264521773568181e-12
5.503785921346626758e-12
1.360176796241026882e-12
-8.186424647515254884e-12
1.534974868213647139e-12
3.508805757806673582e-12
4.074991986710873152e-13
1.122290631685949646e-12
-3.953137875605922967e-12
-2.692019208652030131e-12
3.520540998371216380e-12
4.470340753082249993e-12
-4.287396298152282048e-13
-8.501030114408481208e-12
1.808593931912540084e-12
5.428566028715563125e-12
-1.755681574283965469e-12
4.170928661320406030e-12
-7.329978507697698530e-12
-4.894886304652169022e-12
1.058583207843542762e-11
1.829892357087187093e-12
-4.315154481393049949e-12
-4.131815618577746255e-12
-1.313699868043606105e-13
3.654195847684803403e-12
4.648398241813765127e-12
-9.539991515876317091e-13
-9.221569502632427547e-12
-4.558226310367762992e-13
8.864502791133243051e-12
2.924194475039517707e-12
-6.528731827025238269e-12
-2.101681271766969338e-12
-1.299679408397414621e-12
1.588921790846459012e-12
1.167403148204412967e-11
-7.522753130517308233e-12
-9.551842682664731639e-12
5.480119268305371498e-12
2.967851051117742667e-12
4.259970346633383664e-12
-2.660131862678569796e-12
-6.008475218093449751e-12
-2.242022447222329900e-12
5.394100760480774014e-12
8.819733566860635332e-12
-6.803736284180136183e-12
-7.995923812533573821e-12
4.190534962827015389e-12
1.887683949596402654e-12
2.993492360682494516e-12
3.691935249012646649e-12
-1.076515306196796795e-11
-3.276851741125105211e-12
9.738455889320244194e-12
2.468993567177636087e-12
-2.957968009449522116e-12
-3.226137928716395101e-12
-2.455336555402478487e-12
8.278713761191668582e-13
7.168918885987865651e-12
1.172011183618915065e-12
-7.322120752096104686e-12
-4.022477121998011709e-12
6.051777899973262727e-12
2.846476324278951853e-12
-2.608601489299516945e-12
3.887967769052886809e-12
-8.677214729761999462e-12
-1.448724888905141061e-12
1.096421443532850259e-11
-3.186448821257075731e-12
-1.513280328355384217e-12
-1.544946897818671232e-12
-1.723026603391223857e-12
1.824292567314470621e-12
2.400061783819290224e-12
3.262195355426649863e-12
-6.536927667920973340e-12
-2.424057333136061408e-12
5.217682929540564938e-12
-1.028109540690067556e-12
5.799314718921938610e-13
3.015600372089899854e-12
-5.031721464183327821e-12
-4.009996519260324281e-12
6.951464149075537939e-12
6.468737827080067139e-13
-2.388983481963691650e-12
2.550875314893080214e-12
-4.861898982584677457e-12
-1.310841872414174808e-12
4.131099612128581986e-12
3.045304400327477972e-12
-7.026851973368700697e-13
-6.005682502834538884e-12
1.342865091794451032e-12
5.311345051613587796e-13
1.815829796734526448e-13
7.657280360113431331e-12
-4.936806043636922009e-12
-7.998969648933758934e-12
4.648747048696037280e-12
1.575076093135455046e-12
2.551574963566812411e-12
2.473205997508775780e-12
-6.336662588035487629e-12
-3.912315939579723216e-12
1.320009158600754066e-12
7.510848371298981814e-12
2.328132885775238906e-12
-6.025442592020116038e-12
-2.771785238820789257e-12
-2.246335500571160262e-12
2.956467635858916551e-12
7.658132930312135998e-12
1.005151260687803318e-12
-9.817092280576674608e-12
-2.939851114247622280e-12
4.143559621648737881e-12
1.756839753023365204e-12
7.889769362894463623e-12
-4.485016141682285357e-12
-8.319564753654455734e-12
-3.934592878367400214e-13
2.184155978018785098e-12
1.007263854807800723e-11
-1.962329358840331852e-12
-5.553697198948156298e-12
-2.832319059441666147e-12
-4.161923541237885525e-12
8.674448142322771745e-12
6.394722922810785034e-12
-4.273326552146887862e-12
-5.394882494057464564e-12
-3.398415389179975689e-12
1.111023246354300711e-12
7.179845353166138089e-12
3.615668504580214590e-12
-4.227928425632258449e-12
-5.184268543379090930e-12
-3.627576011688412124e-12
4.714049609537663743e-12
6.262521924054610671e-12
-4.999305979597326794e-13
-2.144992874321622005e-12
-5.070645091299542263e-12
-3.114457134025958560e-12
6.234166018633953391e-12
4.076931078615402380e-12
-1.151691491670660162e-12
-9.365105576455475317e-13
-6.510503099998650933e-12
7.125216400916804650e-13
4.245865092473416520e-12
2.875494822921288009e-13
4.735967434352946324e-12
-5.632644029420509355e-12
-3.841057101076450496e-12
2.787804627131744746e-12
-1.338575868747702408e-12
4.386385253762759321e-12
1.433069013171214766e-12
-2.451222107738259818e-12
-2.398736953716952836e-12
-1.924156831789164382e-12
1.761141823995787337e-12
2.225312290446454545e-12
1.609316051198630746e-12
-1.945338309686777320e-13
-1.170869996800083141e-12
-5.070940659340076939e-12
2.107079415215595943e-13
5.664754942629163703e-12
-1.505080123126068322e-12
3.232610317243329569e-12
-4.065248905036602827e-13
-8.146036523966952698e-12
1.088968606256638202e-12
1.948667667578444553e-12
4.039974675894643970e-12
2.875158686513371932e-12
-3.753405722526435744e-12
-1.917129009771772311e-12
-5.586375447596665576e-12
5.253856477818522391e-13
9.714325749753374805e-12
1.159657146135676427e-12
-3.309298547247401835e-12
-1.251280790985475100e-12
-6.749486357102629207e-12
-1.663140519765034437e-12
9.282517575315206832e-12
4.639250134935552013e-12
-1.421752696673408367e-12
-5.153144648252558995e-12
-4.808184553025245490e-12
-1.617479714645959274e-12
3.301908384608391746e-12
8.773137598035098032e-12
3.045486879463155579e-12
-7.831809836705018276e-12
-6.547171826382280301e-12
1.743979057192158785e-12
-2.388795576563855175e-12
7.680143559593351613e-12
9.518967385320547396e-12
-8.490011550506216537e-12
-4.780850889634359309e-12
-3.777068062120538035e-12
4.105313164999211323e-13
5.327625928548347605e-12
4.210061067689699804e-12
4.862293380552296991e-12
-8.127430346272918065e-12
-7.806729020683448083e-12
2.798704696563459633e-12
2.081784284991390305e-12
1.649254184014508749e-12
7.195784591061273538e-12
-3.036153024930425318e-13
-1.070099933253429560e-11
-6.043233653473095694e-13
2.260482361369008053e-12
-8.991515201106584943e-14
4.825341035428669780e-12
2.931293197936244101e-12
-1.839090915773492264e-12
-6.215077995036650021e-12
-2.384520340532522698e-12
4.634959092648128735e-12
-1.368248969906962499e-12
9.499922175872261369e-13
7.861739104805667194e-12
-4.944371927188655040e-12
-5.987140470332817312e-12
3.720796281986811264e-12
-2.625091992753574736e-12
-1.386417903684908343e-12
5.210977683554300772e-12
3.020496783354423273e-12
-7.163757850548299913e-13
-4.437074144096158086e-12
-4.089237061042795509e-13
-9.059781209015719660e-13
-4.335086877122844813e-12
5.817917274150052084e-12
7.330844755664861009e-12
-3.465374294346541070e-12
-2.760935402523222690e-12
7.794577657900921189e-13
-7.314406671766893722e-12
-2.357921892567868630e-12
9.204467284999178055e-12
3.579784681267880506e-12
9.593518707105553918e-13
-1.730667803216071636e-12
-4.789395251417489750e-12
-4.238307742987310043e-12
-5.048607102436159363e-12
8.572515079728994281e-12
8.695540282710040307e-12
-2.990951711710964281e-12
1.691071112373404025e-12
-3.792890864117521093e-12
-1.066845990952262590e-11
-1.058939309864332701e-12
7.519122931632447693e-12
5.201002604041566546e-12
2.975007313220887022e-12
1.281052782364556071e-12
-5.582247709498806843e-12
-7.206651294068551306e-12
-5.208139815927104550e-12
5.741320419520820911e-12
7.317110577156573390e-12
2.010147238996558846e-13
5.370286236592170873e-12
-2.487844989423623540e-12
-1.079938039523743513e-11
-2.507135154620860906e-12
2.795213457978144622e-12
1.205214008361612735e-12
5.438693702533368901e-12
4.670040995179746680e-12
-1.774711924454548217e-12
-3.393447592419708458e-12
-6.949757128670128909e-12
9.437994196101601430e-13
9.804363987109027831e-13
-1.111681072007907162e-12
7.959865528321655155e-12
1.660258912325472983e-12
-3.551364799443453931e-12
-5.675042832424885699e-13
-1.356254110867064846e-12
-4.561982153963482297e-12
-3.732263291658848410e-14
2.557315761826766090e-12
1.293196391357175021e-12
3.774148447945864911e-12
-3.318351565757847697e-13
1.105585695461922652e-12
-1.386932030838710481e-12
-7.273401106955205924e-12
1.667061242618445375e-13
3.420407343534080763e-13
-1.015499917150604703e-12
6.944947896174772533e-12
4.086605447792291993e-12
-6.798785893521217317e-13
-7.946161165088265105e-13
-6.301468316495395493e-12
-4.795712133793022388e-12
-1.133131094490575918e-12
6.548175750750004463e-13
6.477841877205171893e-12
7.265310280521771503e-12
6.507180898320509388e-13
-1.511362927950314952e-12
-3.935057223550175751e-12
-9.542878447213559045e-12
-2.220525735003135120e-12
1.423595593855136548e-12
3.833395650102939675e-12
9.505987804895552447e-12
2.543441092534244772e-12
-1.995136623178515312e-13
-2.310928989266237757e-12
-9.270233373894029331e-12
-5.784108493664296553e-12
1.485993698938078947e-12
1.139719613818947053e-12
5.458510690813936683e-12
7.684987467666170351e-12
7.152902012576652032e-13
-2.158563799906886358e-13
-5.460065733677151822e-12
-5.802414226668212993e-12
-8.132500182122382958e-13
-3.403430028011124619e-12
2.117137377576842196e-12
6.852546936130271873e-12
2.059343293293892762e-12
-1.951189451291415158e-13
3.183535536263907249e-12
-1.895716921735398998e-12
-5.857168298379499866e-12
-1.417668016557341019e-13
-2.773301022956024279e-12
-5.011884589393088931e-13
3.168685177705369664e-13
1.123215076689208403e-15
7.589918672520489438e-12
-6.463766006885710110e-14
-4.456018681102042790e-13
5.324513108309816115e-12
-4.037901583143568181e-12
-7.042500016834354454e-12
-1.927368582985723692e-12
-1.794664195583367821e-12
-3.040826925469993605e-12
2.958932673389413637e-12
6.754035064725371256e-12
6.121994423612312412e-12
2.400111201166119731e-12
-1.683896445643488206e-12
1.000810360145159282e-13
-6.974515787756067374e-12
-1.131949410516750534e-11
-2.779897549947073465e-14
2.405314480382713587e-12
-1.516754646080037760e-12
8.266091245291582824e-12
1.003501459802234798e-11
1.099962847670874591e-12
-2.632056417804901366e-13
-3.729251965668047230e-12
-4.067230620517901843e-12
-6.686684928662294456e-12
-8.573728095525120275e-12
3.505455971169885161e-12
4.300272200931672214e-12
-1.551721740038643926e-12
6.964212681798457502e-12
8.296126206395005552e-12
-2.093001462017179870e-12
-2.123810957412112789e-12
9.687510287441384026e-13
-2.464862795131837381e-12
-6.003878169481810902e-12
-3.167652849434003046e-12
7.038478218210265959e-13
-2.693078329185359834e-13
-3.038158536835138654e-12
3.336890895418581262e-13
8.807633734323811675e-12
-1.190851695829415827e-12
-6.351410613385035843e-13
1.060701758516309238e-11
-1.033979999073805911e-12
-3.061000251297403029e-12
-1.478722180751017261e-12
-3.654088301671696941e-12
-4.946091893742320371e-12
-9.035825452321316872e-12
-1.692020167207107815e-12
3.649416538274837643e-12
6.102745430971896880e-13
2.291770944225139307e-12
1.194047694694506396e-11
7.048333955905625667e-12
-2.248008353918458451e-12
3.024947324505292700e-12
-5.258730802258350224e-14
-8.251125455243510021e-12
-8.260538713545176150e-12
-4.232806641525500798e-12
-3.380950039381480130e-12
-2.750038284826926353e-12
-1.846078252601546787e-12
4.957538828738194812e-12
7.921154652178484638e-12
-2.650627024404003328e-12
5.093326503773012775e-12
8.170740634950326372e-12
-3.514007975287785678e-12
5.353983944603323667e-13
1.932027517051456283e-12
-4.374169663298412193e-13
-1.776586807305170633e-12
-4.306224802113210737e-12
-7.607722222719432650e-13
-2.068252637780789150e-12
-7.779676419730317653e-12
-5.202937791066470371e-12
-1.973641079759928010e-13
-3.181701180967202921e-12
-4.643564204851879236e-12
5.124086906170107056e-12
6.134457278372392070e-12
1.618896950422790423e-12
8.532268891468668910e-12
6.615091089795956173e-12
4.847515743119155729e-12
4.266359580156478104e-12
-3.307832216806619042e-12
1.649611036270453644e-12
-2.410525163631166522e-12
-1.002369895427822093e-11
-2.755981290780173887e-12
-3.554293122760895975e-12
-7.467241533251701021e-12
-3.707763026164907466e-12
-1.939559267158481529e-12
-3.303751078207197085e-12
-2.289206597810011210e-12
-3.229085126419010508e-12
-3.026904548123903235e-12
-9.203085654780197626e-13
-3.960309773630707899e-12
-3.377112313820012699e-12
1.243038334028876481e-12
4.261554611476541897e-13
-9.416084034730877906e-13
5.290460084997379301e-12
4.863632331614573675e-12
2.459147895253397404e-12
8.410085569611110598e-12
2.706992262690660742e-12
3.722228269702732729e-12
6.874615445435128506e-12
-2.566643396033324844e-12
2.755796399640560512e-12
1.920426819719254647e-12
-3.027492151271913064e-12
1.669289248289548639e-12
-7.269347493586631310e-13
7.177106595176466052e-13
2.145307699951889591e-12
1.598909533384829197e-12
1.584772890828681789e-12
3.524458232296793933e-12
4.513830746083014236e-12
-1.493156737962481008e-12
2.908328494665116341e-12
3.207829856610117797e-12
-3.420821028072027772e-12
-4.838944684257801441e-15
-1.034929993209191608e-12
-2.918536231650219149e-12
-3.692949922953562827e-13
-4.120152773486999776e-12
-2.462934450127594257e-12
3.660973379378959089e-12
-3.716377906796992331e-12
-1.836260545963018537e-12
5.965146906440374642e-12
-9.757702616835779017e-14
3.312204680685779053e-13
2.791462835968841354e-12
2.531250093033590904e-12
2.736383658370598658e-12
-6.437245133546914233e-13
-1.770246583605393412e-13
2.596934329384673184e-12
3.475405925906704659e-13
-4.941926674671641836e-12
-1.432143810701648738e-12
3.003425806406018925e-12
-5.448414199215182714e-12
-5.590336565966684283e-12
2.426831240953048481e-12
-3.112649120707696763e-12
-3.027947502740224811e-12
-1.752487698990669231e-12
-2.936269135483160269e-12
4.618033438629718113e-12
-4.009881978124310251e-12
-4.058969357412344920e-12
6.669441918834707657e-12
1.568852973676129262e-13
-2.905998740837098234e-12
1.084126888181107672e-12
5.068002580263264294e-12
5.203631797465304075e-13
-1.634522642750439772e-12
2.405632751862808005e-12
2.854235605660637299e-12
2.978500973082914457e-12
-3.033961434124221142e-12
5.637013039268617936e-13
7.042897844682034618e-12
-1.260235071271628867e-12
-4.337253663070175047e-12
4.937315613227462233e-12
3.614702458146743664e-12
-4.119618666491284795e-12
8.498290292764655728e-13
1.043843288257479541e-12
2.147056403724385841e-12
7.411282121573332334e-13
-5.798590713100838310e-12
4.613321301561190638e-12
3.841688796933169390e-12
-5.723201387543425449e-12
-5.809145196674919121e-13
4.083241155242793239e-12
9.344794668167550827e-13
-4.096608101346822060e-12
7.923977348486749418e-14
3.260140815470808613e-12
-3.706868796890584608e-13
-1.247080281960993174e-12
-2.511785057151039922e-12
3.373931309053716256e-12
3.251438817193261892e-12
-7.284153943405811552e-12
1.277155556433900306e-12
5.775211767020109670e-12
-3.884466883657965903e-12
-1.479182716534014964e-12
1.220835328690223968e-12
1.192117722351378455e-12
8.831151972121850825e-13
-3.084648912640558470e-12
-6.616965850472706915e-13
4.393417469205346799e-12
-5.513750842571143520e-13
-4.978536392439138901e-12
2.670695666234952141e-12
3.421218712430311953e-12
-3.316095257475744610e-12
-1.392447437927407942e-12
2.083480689622231944e-12
7.227364496644268797e-13
-6.053489674052014770e-13
-1.134484708536907935e-12
-9.298443982621096077e-13
3.608514609835645367e-12
-3.310519964260280120e-13
-5.282800258016191372e-12
4.369810108173278326e-12
1.753709892726928181e-12
-4.327037087064418769e-12
1.851053635417235507e-12
-1.344976079510418371e-13
3.055230877248113830e-13
1.055542158537280608e-12
-2.779182514234507387e-12
9.848254836110390018e-13
1.923328394264025428e-12
-7.869027873777412544e-13
-2.490622457520493833e-12
1.892579092767309918e-12
2.062483441391203689e-12
-3.783023055501742957e-12
1.932304407719203706e-12
2.647722031761452490e-13
-1.665219868802440314e-12
2.804350908873481849e-12
-2.235533673984534792e-12
-7.632168368631025790e-13
2.726559568736763898e-12
-9.553247576382400279e-13
-1.875493273208536810e-12
2.038970824835263241e-12
-1.025376003663338027e-13
-1.681157333575775360e-12
2.587339487228498428e-12
-2.009254412034684520e-12
-6.391756366112490737e-13
2.900330565355321596e-12
-1.725094151964893072e-12
-1.097464900768864028e-12
1.273988527533152035e-12
7.713757855054431609e-13
-1.475308957060425262e-12
6.265450187905752116e-13
-1.080070322142717525e-13
-1.047150955871139953e-12
3.207792089642084362e-12
-2.557104733819081805e-12
-2.188259442133023148e-12
4.842483369553184607e-12
-1.375043090008840747e-12
-2.748944707347913321e-12
2.063547398246410363e-12
-8.906811592989392914e-15
4.291502530057796041e-13
-2.336375867174437447e-13
-2.131396968997856969e-12
1.580448992606886699e-12
2.428719536668507699e-12
-2.346188501223875174e-12
-3.093960876052048507e-12
4.510494483686018693e-12
1.077450070228104968e-12
-4.488473139584155822e-12
1.483451422185622494e-12
6.145382324515562908e-13
9.391696157000482694e-13
1.759580271449206120e-13
-3.702115611577893418e-12
1.571615999985599701e-12
4.114056938590166482e-12
-2.612704499833752991e-12
-4.416881839838988394e-12
4.539325209185388602e-12
2.084484399876803136e-12
-3.721872094619116781e-12
-1.789690330283582848e-13
8.654697460838857315e-14
2.583209255151195601e-12
4.062748098518061044e-13
-4.479195988385569794e-12
3.919247376025433536e-13
5.043441076446081731e-12
-7.886803565475129269e-13
-5.977703295350534656e-12
2.866935277819969778e-12
3.980255050890665731e-12
-2.968203610140760410e-12
-8.520484774997833488e-13
-1.097337865242938409e-12
2.182029601614600731e-12
2.220020152626987646e-12
-5.589313479793540455e-12
-1.653559520188162748e-12
5.700819842636423093e-12
6.265945039736715901e-13
-4.782962212639214854e-12
-7.267486621129619122e-13
4.463510426525584869e-12
-3.169198633993491907e-13
-1.661915210278713411e-12
-1.624379308162207109e-12
1.105088046076262352e-13
5.512302752200969505e-12
-3.040824282268424739e-12
-5.194585202558413128e-12
4.634671245264079584e-12
3.089584828869870193e-12
-3.714480451945227492e-12
-1.936648634742500788e-12
2.099433869338717612e-12
1.172360587503218452e-12
8.751125371405606856e-13
-3.099147210939180243e-12
-1.902779976351845848e-12
5.491475010723820972e-12
2.529095343351541319e-13
-5.207780366632070947e-12
5.700625978036155345e-13
4.119649245035996744e-12
-8.120986599329085608e-13
-2.502425953185329919e-12
2.767123680350358418e-13
3.848526477422075756e-13
2.176287934809520165e-12
-1.315825628619617160e-13
-4.914024814537420619e-12
2.704145572907397652e-12
4.422072519710785224e-12
-4.885709366116589366e-12
-5.476594318280499939e-13
2.171361940011596258e-12
-4.003901162915107139e-13
1.165926191486299978e-12
-1.957976615230269319e-12
