1.000000000000000082e-05
1.024762693681054978e-05
1.050138578360451782e-05
1.076142838299050237e-05
1.102791033760910692e-05
1.130099110324143690e-05
1.158083408422333264e-05
1.186760673122207558e-05
1.216148064143455492e-05
1.246263166126647856e-05
1.277123999155423793e-05
1.308749029539233434e-05
1.341157180863091404e-05
1.374367845310948737e-05
1.408400895269475213e-05
1.443276695219156803e-05
1.479016113919874276e-05
1.515640536898216461e-05
1.553171879244016773e-05
1.591632598723764601e-05
1.631045709218742864e-05
1.671434794495922125e-05
1.712824022319881862e-05
1.755238158914141627e-05
1.798702583780631303e-05
1.843243304886113301e-05
1.888886974224663677e-05
1.935660903765523753e-05
1.983593081795863587e-05
2.032712189668234388e-05
2.083047618962730984e-05
2.134629489074156122e-05
2.187488665234646427e-05
2.241656776982631886e-05
2.297166237089113487e-05
2.354050260952613008e-05
2.412342886474390141e-05
2.472078994425827439e-05
2.533294329320164760e-05
2.596025520801068491e-05
2.660310105560866390e-05
2.726186549801485254e-05
2.793694272251631729e-05
2.862873667753916524e-05
2.933766131436065094e-05
3.006414083480670271e-05
3.080860994508305504e-05
3.157151411589225316e-05
3.235330984899119122e-05
3.315446495035001865e-05
3.397545881007481131e-05
3.481678268926199438e-05
3.567894001395605124e-05
3.656244667638637607e-05
3.746783134366364067e-05
3.839563577412013893e-05
3.934641514148402733e-05
4.032073836708022587e-05
4.131918846025819085e-05
4.234236286724934594e-05
4.339087382866311778e-05
4.446534874583561096e-05
4.556643055625001951e-05
4.669477811825350274e-05
4.785106660530054579e-05
4.903598790995936427e-05
5.025025105792160535e-05
5.149458263226502349e-05
5.276972720822158065e-05
5.407644779871160622e-05
5.541552631091065600e-05
5.678776401412206551e-05
5.819398201923580951e-05
5.963502177005896866e-05
6.111174554681398719e-05
6.262503698210431359e-05
6.417580158965690315e-05
6.576496730615774241e-05
6.739348504650472112e-05
6.906232927281007834e-05
7.077249857749267909e-05
7.252501628081003450e-05
7.432093104318526332e-05
7.616131749269846414e-05
7.804727686811573453e-05
7.997993767784136623e-05
8.196045637518762175e-05
8.399001805036586290e-05
8.606983713961335923e-05
8.820115815187971279e-05
9.038525641350899254e-05
9.262343883136032595e-05
9.491704467482724574e-05
9.726744637722099579e-05
9.967605035699855873e-05
1.021442978593263318e-04
1.046736658184831576e-04
1.072656677416193734e-04
1.099218546143988003e-04
1.126438158290686201e-04
1.154331801355090254e-04
1.182916166158346687e-04
1.212208356831293807e-04
1.242225901049122047e-04
1.272986760519472795e-04
1.304509341730255016e-04
1.336812506963594742e-04
1.369915585582537300e-04
1.403838385597220683e-04
1.438601205517471549e-04
1.474224846498897181e-04
1.510730624789749510e-04
1.548140384486006930e-04
1.586476510602302919e-04
1.625761942466536706e-04
1.666020187446150876e-04
1.707275335014333726e-04
1.749552071164514253e-04
1.792875693181816344e-04
1.837272124780286997e-04
1.882767931614962237e-04
1.929390337178055019e-04
1.977167239088782516e-04
2.026127225786553208e-04
2.076299593637551317e-04
2.127714364464897070e-04
2.180402303512921785e-04
2.234394937856278918e-04
2.289724575264913864e-04
2.346424323536182603e-04
2.404528110305683547e-04
2.464070703348669191e-04
2.525087731384151346e-04
2.587615705394207054e-04
2.651692040471170884e-04
2.717355078205850073e-04
2.784644109630120701e-04
2.853599398727645802e-04
2.924262206526778056e-04
2.996674815790086478e-04
3.070880556315225122e-04
3.146923830862367118e-04
3.224850141723623531e-04
3.304706117950432544e-04
3.386539543255147290e-04
3.470399384603554830e-04
3.556335821515410590e-04
3.644400276090559924e-04
3.734645443778538852e-04
3.827125324910174301e-04
3.921895257009932979e-04
4.019011947908452103e-04
4.118533509675009405e-04
4.220519493390251990e-04
4.325030924779996394e-04
4.432130340731408745e-04
4.541881826713450735e-04
4.654351055123901577e-04
4.769605324586029390e-04
4.887713600218282538e-04
5.008746554901213855e-04
5.132776611566271935e-04
5.259877986531771247e-04
5.390126733911976839e-04
5.523600791125903974e-04
5.660380025532982208e-04
5.800546282223617046e-04
5.944183432993102980e-04
6.091377426528313136e-04
6.242216339837126406e-04
6.396790430951389880e-04
6.555192192934943029e-04
6.717516409229026949e-04
6.883860210368225986e-04
7.054323132100769923e-04
7.229007174948161177e-04
7.408016865239551137e-04
7.591459317657568056e-04
7.779444299332912566e-04
7.972084295526123262e-04
8.169494576935777816e-04
8.371793268673478200e-04
8.579101420946748163e-04
8.791543081492356670e-04
9.009245369803150268e-04
9.232338553193048317e-04
9.460956124745561937e-04
9.695234883192537607e-04
9.935315014770902935e-04
1.018134017710646067e-03
1.043345758517476686e-03
1.069181809939071751e-03
1.095657631587948922e-03
1.122789065898271554e-03
1.150592347605548273e-03
1.179084113461070565e-03
1.208281412186904035e-03
1.238201714677400781e-03
1.268862924453314405e-03
1.300283388374799502e-03
1.332481907619687466e-03
1.365477748933621640e-03
1.399290656158761522e-03
1.433940862047983211e-03
1.469449100371623832e-03
1.505836618324028243e-03
1.543125189237301836e-03
1.581337125609905223e-03
1.620495292457861539e-03
1.660623120996587276e-03
1.701744622661503347e-03
1.743884403475852570e-03
1.787067678774292671e-03
1.831320288291094335e-03
1.876668711621947956e-03
1.923140084068662454e-03
1.970762212876213219e-03
2.019563593871862971e-03
2.069573428516322151e-03
2.120821641377122584e-03
2.173338898034696438e-03
2.227156623431849215e-03
2.282307020677624889e-03
2.338823090316786025e-03
2.396738650076479012e-03
2.456088355101865382e-03
2.516907718692859217e-03
2.579233133554333611e-03
2.643101893572567199e-03
2.708552216130918205e-03
2.775623264978110700e-03
2.844355173662773198e-03
2.914789069548308614e-03
2.986967098422417446e-03
3.060932449716041465e-03
3.136729382346761016e-03
3.214403251202178641e-03
3.294000534279085436e-03
3.375568860494666638e-03
3.459157038186403722e-03
3.544815084317679346e-03
3.632594254406621044e-03
3.722547073196048710e-03
3.814727366082910041e-03
3.909190291325958903e-03
4.005992373051017914e-03
4.105191535073518701e-03
4.206847135558603942e-03
4.311020002539465643e-03
4.417772470315250652e-03
4.527168416750260854e-03
4.639273301496793858e-03
4.754154205164455756e-03
4.871879869459442777e-03
4.992520738317759652e-03
5.116149000057037231e-03
5.242838630572085531e-03
5.372665437600143180e-03
5.505707106082227513e-03
5.642043244647743268e-03
5.781755433250220823e-03
5.924927271982571853e-03
6.071644431101204387e-03
6.221994702288840585e-03
6.376068051186766124e-03
6.533956671227865443e-03
6.695755038802766838e-03
6.861559969792012902e-03
7.031470677498161473e-03
7.205588832012368473e-03
7.384018621051121993e-03
7.566866812299409377e-03
7.754242817297720552e-03
7.946258756910984725e-03
8.143029528418771826e-03
8.344672874266783127e-03
8.551309452520861054e-03
8.763062909065545344e-03
8.980059951590549719e-03
9.202430425409295622e-03
9.430307391154916369e-03
9.663827204400274318e-03
9.903129597249484342e-03
1.014835776194996340e-02
1.039965843657487607e-02
1.065718199282737928e-02
1.092108252601901863e-02
1.119151794727634916e-02
1.146865007803077145e-02
1.175264474684825471e-02
1.204367188865671824e-02
1.234190564643065750e-02
1.264752447539368996e-02
1.296071124980150910e-02
1.328165337236894734e-02
1.361054288640687129e-02
1.394757659073581242e-02
1.429295615744525724e-02
1.464688825256882203e-02
1.500958465974782698e-02
1.538126240695702335e-02
1.576214389636841282e-02
1.615245703743089373e-02
1.655243538324519328e-02
1.696231827031595071e-02
1.738235096176432917e-02
1.781278479408709287e-02
1.825387732754962453e-02
1.870589250030329012e-02
1.916910078631902520e-02
1.964377935723191429e-02
2.013021224819327992e-02
2.062869052782990986e-02
2.113951247241182066e-02
2.166298374433299478e-02
2.219941757501158949e-02
2.274913495231942889e-02
2.331246481265267234e-02
2.388974423775876155e-02
2.448131865643713226e-02
2.508754205123478118e-02
2.570877717026009285e-02
2.634539574424171748e-02
2.699777870896254497e-02
2.766631643320149186e-02
2.835140895231999872e-02
2.905346620763258822e-02
2.977290829170507747e-02
3.051016569972671288e-02
3.126567958710727707e-02
3.203990203345279120e-02
3.283329631307820018e-02
3.364633717221826581e-02
3.447951111310339906e-02
3.533331668506967116e-02
3.620826478287776651e-02
3.710487895241869338e-02
3.802369570399006388e-02
3.896526483332957841e-02
3.993014975059850508e-02
4.091892781751122615e-02
4.193219069281346051e-02
4.297054468631518465e-02
4.403461112169044372e-02
4.512502670826123996e-02
4.624244392198734177e-02
4.738753139589087920e-02
4.856097432014865045e-02
4.976347485209206556e-02
5.099575253635930949e-02
5.225854473545205742e-02
5.355260707095371026e-02
5.487871387567363340e-02
5.623765865698720362e-02
5.763025457164990678e-02
5.905733491236882932e-02
6.051975360642329604e-02
6.201838572663207622e-02
6.355412801497417608e-02
6.512789941917547509e-02
6.674064164258307341e-02
6.839331970765542834e-02
7.008692253340655098e-02
7.182246352714913296e-02
7.360098119089059088e-02
7.542353974274570994e-02
7.729122975373620141e-02
7.920516880036000684e-02
8.116650213331949582e-02
8.317640336280958391e-02
8.523607516077470747e-02
8.734674998055635964e-02
8.950969079436046916e-02
9.172619184898717082e-02
9.399757944027332945e-02
9.632521270671344504e-02
9.871048444273215761e-02
1.011548219320960729e-01
1.036596878019622331e-01
1.062265808980760173e-01
1.088570371816408727e-01
1.115526306483970581e-01
1.143149742704589467e-01
1.171457209614760048e-01
1.200465645656913771e-01
1.230192408714945868e-01
1.260655286500713401e-01
1.291872507197733000e-01
1.323862750368446917e-01
1.356645158131579987e-01
1.390239346616278515e-01
1.424665417699884640e-01
1.459943971036379018e-01
1.496096116382656105e-01
1.533143486230055808e-01
1.571108248748675218e-01
1.610013121052217555e-01
1.649881382791312801e-01
1.690736890083449628e-01
1.732604089787841972e-01
1.775508034133801427e-01
1.819474395711308812e-01
1.864529482832830709e-01
1.910700255275515902e-01
1.958014340413217202e-01
2.006500049747982628e-01
2.056186395850913284e-01
2.107103109722522072e-01
2.159280658582974910e-01
2.212750264102891773e-01
2.267543921085545255e-01
2.323694416611724878e-01
2.381235349658658851e-01
2.440201151204756114e-01
2.500627104832197078e-01
2.562549367839700443e-01
2.626004992878090416e-01
2.691031950121651750e-01
2.757669149988445922e-01
2.825956466423305002e-01
2.895934760757342130e-01
2.967645906158295488e-01
3.041132812686330178e-01
3.116439452970287127e-01
3.193610888519738400e-01
3.272693296688634068e-01
3.353733998306576702e-01
3.436781485994382379e-01
3.521885453180782499e-01
3.609096823837661394e-01
3.698467782951622151e-01
3.790051807750103863e-01
3.883903699700748113e-01
3.980079617303146078e-01
4.078637109692634377e-01
4.179635151076136479e-01
4.283134176020804706e-01
4.389196115616466054e-01
4.497884434533552800e-01
4.609264168998692401e-01
4.723401965710669614e-01
4.840366121720045545e-01
4.960226625296355607e-01
5.083055197807182513e-01
5.208925336634375736e-01
5.337912359152938713e-01
5.470093447798960451e-01
5.605547696253552203e-01
5.744356156770422661e-01
5.886601888675411232e-01
6.032370008066987310e-01
6.181747738747533916e-01
6.334824464415693690e-01
6.491691782151272072e-01
6.652443557224505533e-01
6.817175979262564134e-01
6.985987619806889315e-01
7.158979491295809350e-01
7.336255107507707596e-01
7.517920545500995644e-01
7.704084509087747445e-01
7.894858393879248259e-01
8.090356353942185219e-01
8.290695370105433115e-01
8.495995319958294933e-01
8.706379049582098073e-01
8.921972447058036382e-01
9.142904517795347186e-01
9.369307461724647457e-01
9.601316752402957455e-01
9.839071218077493075e-01
1.008271312475683024e+00
1.033238826133913602e+00
1.058824602684840688e+00
1.085043951983090116e+00
1.111912562996526521e+00
1.139446513194126265e+00
1.167662278166298417e+00
1.196576741483453388e+00
1.226207204798682948e+00
1.256571398200615475e+00
1.287687490822632341e+00
1.319574101714799497e+00
1.352250310985013471e+00
1.385735671216046905e+00
1.420050219165280847e+00
1.455214487754185715e+00
1.491249518354675896e+00
1.528176873379713641e+00
1.566018649185687783e+00
1.604797489294292445e+00
1.644536597941813172e+00
1.685259753963927132e+00
1.726991325024346047e+00
1.769756282195763086e+00
1.813580214901899579e+00
1.858489346229537098e+00
1.904510548619723354e+00
1.951671359947531492e+00
2.000000000000000000e+00
